0
0
0
0
1
2
2
1
1
1
1
1
1
1
1
1
2
2
2
2
3
4
4
4
4
5
5
5
5
5
5
5
5
5
5
5
5
5
5
5
5
4
4
4
4
3
3
3
3
3
3
3
3
3
3
3
3
3
3
3
3
3
3
3
3
3
3
4
4
4
6
6
7
7
8
8
8
8
8
8
8
8
8
8
8
8
8
8
8
9
10
10
12
12
12
12
12
12
12
12
12
12
13
14
14
14
14
14
14
14
14
14
14
15
15
15
15
15
15
15
16
16
16
16
16
16
17
17
17
17
17
17
17
17
17
17
17
17
17
17
17
17
17
17
17
17
18
18
18
18
18
18
18
18
19
19
19
19
19
19
19
20
20
21
21
21
21
21
21
22
22
22
22
22
22
22
22
22
22
23
23
23
23
23
23
23
23
23
23
23
23
23
23
23
23
23
23
23
23
23
23
23
23
23
23
23
23
24
24
24
24
24
24
24
24
24
24
24
24
25
25
25
25
25
26
26
26
26
26
26
26
26
27
27
27
28
28
28
28
28
28
29
29
29
29
29
30
30
30
30
30
31
31
32
32
32
32
32
32
32
32
32
32
32
32
32
32
32
32
32
32
32
32
32
32
33
33
33
34
34
34
34
34
34
34
34
34
34
34
34
34
34
34
34
34
34
34
34
34
34
34
34
34
34
34
35
35
35
35
35
35
35
36
37
37
37
37
37
38
38
38
39
39
39
39
39
39
39
39
39
40
40
40
41
41
41
41
41
41
41
41
41
43
43
43
43
43
43
43
43
44
44
44
44
44
44
44
44
44
44
44
44
44
44
44
44
44
45
46
46
47
47
47
47
47
47
48
48
49
49
49
49
49
49
50
50
50
50
50
50
50
50
50
50
50
50
50
50
50
50
50
50
50
50
50
50
50
52
53
53
53
53
53
53
53
53
53
53
53
53
54
55
55
55
55
55
55
55
55
55
55
56
57
57
57
57
57
57
57
57
57
57
57
57
57
57
57
58
58
58
58
58
58
58
58
59
59
59
60
60
60
61
61
61
61
61
61
61
61
61
61
62
62
62
62
62
62
63
63
63
64
64
65
65
65
65
65
65
65
65
66
66
66
66
66
66
66
66
66
67
67
67
67
68
68
68
68
68
68
68
68
67
67
67
67
67
67
67
67
67
67
67
67
67
67
67
67
67
67
67
67
67
67
67
67
67
67
67
66
66
67
67
67
67
67
67
67
67
67
67
67
67
67
67
69
69
69
69
69
69
69
70
70
70
70
70
70
70
70
70
70
70
70
70
69
70
71
71
71
71
71
71
72
72
72
72
72
72
72
72
72
72
72
74
74
74
74
74
74
74
74
74
74
74
76
76
76
76
76
76
76
76
76
78
78
78
79
79
79
79
81
81
81
81
81
81
81
81
80
80
80
80
80
80
80
80
80
80
80
80
80
80
81
81
81
81
81
81
81
81
81
82
82
83
85
85
85
86
86
86
86
86
86
86
86
86
86
86
86
86
86
86
86
86
86
86
87
87
87
87
88
88
88
88
88
88
88
88
88
88
89
89
89
89
89
89
89
89
89
89
89
89
91
91
91
91
91
92
92
92
92
92
92
92
92
92
92
92
92
92
95
95
95
95
95
95
95
95
95
95
96
96
97
97
100
100
101
101
101
101
101
101
101
101
101
101
100
100
100
100
100
100
100
100
100
100
100
100
100
100
100
100
100
100
100
100
100
100
100
100
100
100
100
100
101
102
102
102
102
102
102
102
102
102
102
102
102
102
102
102
102
102
103
103
103
104
104
104
104
104
104
104
104
104
104
104
104
104
104
105
105
105
105
105
106
106
106
106
106
106
107
107
107
107
107
107
107
107
107
107
109
109
109
109
109
109
109
109
109
109
109
109
110
110
110
110
110
110
110
110
110
110
112
112
112
112
112
112
113
113
113
113
113
113
113
113
113
113
113
113
113
113
113
113
113
113
113
113
113
113
113
113
113
113
113
114
114
115
115
115
115
117
117
117
117
117
117
117
117
117
117
117
117
117
117
117
118
118
118
119
119
119
120
120
120
120
120
120
120
120
121
121
121
121
121
121
121
121
121
121
121
121
121
121
121
121
121
121
121
121
121
122
122
122
122
123
123
123
124
124
124
124
124
124
124
124
124
124
124
123
123
123
124
124
124
124
125
125
125
125
125
126
126
127
127
127
128
128
128
128
128
129
129
129
129
129
129
129
129
129
129
129
129
129
130
130
130
130
130
130
130
130
130
130
130
131
131
131
131
131
131
131
131
131
131
131
131
131
131
131
131
131
131
132
132
132
132
132
132
132
132
132
132
132
132
132
132
132
132
132
132
132
132
132
132
132
132
132
132
132
132
132
132
132
132
132
132
132
132
132
132
132
132
132
132
132
133
133
133
133
133
133
133
133
133
133
133
134
134
134
134
135
135
134
134
134
135
135
135
137
137
137
137
137
137
137
137
137
137
137
137
138
138
138
138
138
138
138
139
139
139
139
140
141
141
141
141
141
141
141
141
143
144
144
144
144
145
145
145
145
145
145
145
145
145
145
145
145
145
145
145
145
146
146
146
146
146
146
146
146
146
146
146
146
146
146
146
147
147
147
147
147
147
147
147
147
147
147
147
148
149
149
149
149
149
149
149
149
149
149
149
149
149
149
149
149
149
149
149
149
149
149
149
149
149
149
149
150
150
150
151
151
151
151
151
151
151
151
151
151
151
152
152
152
152
152
152
152
152
152
153
153
154
154
154
154
154
154
154
154
154
154
154
154
154
154
154
154
154
155
155
155
155
155
155
155
155
155
155
155
155
155
155
155
155
156
156
156
157
157
157
157
157
157
157
157
157
157
159
159
159
159
160
160
160
160
160
160
160
160
160
160
160
160
160
160
160
160
160
160
160
160
160
160
160
160
160
160
160
160
160
160
160
160
160
160
160
159
159
159
159
159
159
159
159
159
159
159
159
159
158
158
159
159
159
159
159
159
159
159
159
160
160
160
160
160
160
160
160
160
160
160
161
161
161
161
161
161
161
161
161
161
161
161
161
161
161
161
161
161
161
161
162
162
162
162
162
162
162
162
162
162
162
162
162
162
162
163
163
163
165
165
166
166
167
167
167
168
168
168
169
169
170
170
170
170
170
170
170
170
170
170
170
170
170
170
170
170
170
170
170
170
170
170
170
170
170
170
170
170
170
170
170
170
170
170
170
170
170
170
171
171
171
171
171
172
172
172
172
172
172
172
172
172
172
172
172
173
173
173
173
173
173
173
173
173
173
173
173
173
173
174
174
174
174
174
174
174
174
174
174
174
174
174
173
173
173
174
174
174
174
174
174
174
174
175
175
175
176
176
176
176
176
176
176
176
176
176
176
176
176
176
176
176
176
176
176
176
176
176
176
176
176
176
176
176
176
176
176
176
176
176
176
177
177
177
177
177
177
178
178
178
178
178
179
179
179
179
179
179
179
180
180
180
180
180
180
180
180
180
180
180
180
180
180
180
180
180
180
181
181
182
182
182
182
182
183
183
183
183
183
184
184
184
184
183
183
183
183
183
183
183
183
183
183
183
183
183
183
184
184
184
184
184
184
185
185
185
185
185
185
185
185
185
185
185
185
185
185
185
185
185
185
185
185
185
185
185
185
185
187
187
187
187
187
188
189
189
189
189
189
189
189
191
191
192
193
193
193
193
194
194
194
194
194
194
194
194
194
194
194
194
195
195
195
195
195
195
195
195
195
195
195
195
195
195
195
195
195
195
195
195
195
195
195
195
195
195
195
195
196
196
196
196
196
196
196
196
196
196
196
196
196
196
196
197
197
197
197
198
199
199
199
201
201
201
201
201
201
201
201
202
203
203
203
203
202
202
202
202
202
202
202
202
202
202
202
202
202
202
202
202
202
202
202
202
202
202
202
202
202
203
204
204
204
204
204
204
204
204
204
204
204
204
204
204
204
204
204
204
204
205
205
205
205
205
205
205
205
205
205
205
205
205
205
205
205
205
205
205
205
205
205
206
206
206
206
206
207
207
207
207
207
207
207
208
208
208
208
208
208
208
208
208
208
208
208
208
209
209
209
209
209
209
210
210
210
210
211
211
211
211
212
212
212
212
212
212
212
212
212
215
215
215
215
215
215
215
215
215
215
215
215
215
216
216
216
217
217
217
217
219
219
221
221
221
221
221
221
221
222
222
222
222
222
222
222
222
222
222
222
223
223
223
223
223
223
223
223
225
225
225
225
225
225
225
226
226
226
226
227
227
227
227
227
227
227
227
227
227
227
227
227
227
227
227
227
227
227
227
227
227
227
227
227
227
227
227
228
228
228
228
228
228
228
228
228
228
227
228
228
228
228
229
228
228
227
227
227
227
228
228
228
228
228
228
229
229
229
229
229
229
230
230
230
230
230
230
230
230
230
230
230
230
230
230
230
230
230
230
230
230
230
230
230
230
230
230
230
231
231
231
231
231
231
231
231
231
231
231
231
231
231
231
232
232
232
232
233
233
233
233
233
233
233
233
234
234
234
234
234
234
234
234
234
234
234
234
234
234
234
234
234
234
234
234
234
235
235
235
235
235
235
235
235
235
235
235
235
235
235
235
235
235
235
236
236
237
237
238
238
238
238
237
237
237
237
237
237
237
237
237
237
237
238
238
238
238
238
238
238
238
238
238
238
238
238
238
238
238
238
238
238
238
238
239
239
239
239
239
239
239
239
239
239
239
239
239
239
239
239
239
239
239
239
239
240
240
240
240
240
241
241
242
243
243
243
243
244
245
246
246
246
246
246
246
246
246
246
247
249
249
249
250
250
250
250
250
250
250
253
253
253
253
253
253
253
253
253
253
253
253
253
253
253
253
253
253
253
253
253
253
253
253
253
253
253
253
253
253
253
253
253
253
253
253
253
253
253
253
253
253
253
253
253
253
253
253
253
253
254
254
254
254
255
255
255
255
255
255
255
255
255
255
255
255
255
256
256
256
256
256
256
256
256
256
256
256
258
258
258
258
258
258
261
261
261
262
262
263
263
263
263
264
264
264
264
264
264
264
264
264
265
265
265
265
266
266
266
266
266
266
266
266
266
266
266
266
266
266
266
267
267
267
267
267
267
267
267
270
270
271
271
271
272
272
272
272
272
272
272
272
272
272
272
272
272
272
272
272
272
272
272
272
272
272
272
272
272
272
272
272
272
272
273
273
273
273
273
273
273
273
273
273
273
274
274
274
274
274
274
274
274
274
274
274
274
275
275
275
276
276
276
276
276
277
278
278
279
279
280
280
280
280
280
280
280
281
281
281
281
281
281
281
282
282
282
282
283
283
284
284
284
284
284
284
284
284
286
286
289
290
290
290
291
291
291
291
291
291
291
291
291
291
291
291
291
291
291
292
292
292
292
292
292
292
292
292
292
292
292
292
291
291
291
291
291
291
291
291
291
291
291
291
291
291
291
291
292
292
292
292
292
292
292
292
292
292
292
292
292
292
292
292
292
292
292
293
293
293
293
294
294
294
294
294
294
294
294
294
294
295
295
295
295
295
295
295
296
296
296
296
297
297
297
297
297
298
298
298
298
298
298
298
299
300
300
300
300
300
300
300
300
300
300
300
301
301
303
303
303
303
303
303
303
303
303
303
303
303
303
303
304
304
304
304
304
305
305
305
306
306
306
306
305
305
307
307
307
307
307
307
307
307
307
307
307
307
307
307
307
307
307
307
307
307
307
307
307
308
309
309
309
309
310
311
311
311
311
311
311
311
311
311
313
314
314
315
315
316
316
316
316
316
316
316
316
316
316
316
316
315
315
315
315
315
315
315
315
315
315
315
315
315
315
315
317
317
317
317
317
317
316
316
316
316
316
316
316
316
316
316
317
317
318
318
319
320
320
320
321
321
322
322
322
322
323
323
323
324
324
324
325
325
325
325
326
326
326
326
326
326
326
326
326
326
326
326
326
326
326
326
326
326
326
326
326
326
326
326
326
326
326
326
326
326
326
326
326
326
326
327
327
327
327
327
327
329
329
330
330
330
330
330
330
330
330
330
330
330
330
330
330
330
330
330
330
330
330
331
331
331
331
331
331
331
331
331
331
331
331
332
332
332
332
332
332
332
332
332
332
332
332
333
333
333
333
333
333
334
334
334
334
334
334
334
334
334
334
334
334
334
336
336
336
336
336
337
337
337
337
337
338
338
338
338
340
340
341
341
341
341
341
341
341
341
341
341
341
341
341
341
341
343
344
344
345
345
345
345
346
346
346
346
346
346
347
347
347
348
348
348
348
348
348
348
348
348
348
348
349
349
349
349
349
349
349
349
349
349
349
349
349
349
349
349
349
349
349
349
349
349
349
349
349
349
349
349
349
349
349
349
349
349
349
349
349
350
351
351
351
351
352
352
352
352
352
352
352
352
353
353
353
353
353
353
353
353
353
353
353
353
353
353
353
353
353
353
353
353
353
353
353
353
353
354
354
354
354
354
354
354
354
354
354
354
354
354
354
354
354
355
355
355
355
355
355
355
355
355
355
355
355
355
355
355
355
355
355
355
355
355
355
356
356
356
356
356
356
357
357
357
357
357
358
358
358
358
358
358
358
358
358
360
360
360
360
360
361
361
362
362
363
363
364
364
364
364
364
364
364
364
364
364
364
364
364
364
364
364
364
364
365
365
365
365
365
365
365
365
365
365
365
366
366
366
366
366
366
366
366
366
366
366
366
366
366
366
366
366
367
368
368
368
368
368
368
368
368
368
369
369
369
369
369
369
369
369
371
371
371
371
371
371
371
371
371
371
371
371
371
371
371
371
371
371
371
371
371
372
372
372
372
372
372
372
372
372
372
372
372
372
372
372
372
372
373
373
373
373
373
374
375
375
375
375
375
375
376
376
377
377
377
377
377
377
377
377
377
377
377
376
376
376
376
376
376
376
376
376
376
376
376
379
379
379
380
380
380
380
380
380
381
381
381
381
381
381
381
381
381
381
381
381
381
381
382
382
382
382
382
383
383
383
383
383
383
383
383
383
384
384
385
385
385
385
386
386
386
386
386
386
386
386
386
386
386
386
387
387
387
388
388
388
388
388
388
388
388
388
390
390
390
391
391
392
392
392
392
392
392
392
392
392
392
392
392
392
393
393
393
393
393
393
393
394
394
394
394
394
394
394
394
394
394
394
394
394
394
394
394
394
394
394
395
395
395
396
396
396
396
397
397
396
396
398
398
398
398
398
398
398
398
398
398
398
398
398
399
400
400
400
400
400
400
400
400
400
400
400
400
400
400
400
400
400
399
399
399
399
399
399
399
399
399
399
399
399
399
399
399
399
399
399
400
401
401
401
401
401
401
401
401
401
401
401
401
401
401
401
401
401
401
401
401
401
401
401
401
401
401
401
401
401
401
401
401
401
401
401
401
401
401
401
401
401
401
401
401
401
401
401
401
401
401
401
401
401
401
401
401
401
401
401
401
401
401
401
403
403
403
403
403
404
404
404
404
404
404
404
404
404
404
404
404
404
404
404
404
404
404
404
404
404
404
404
404
404
404
404
404
404
404
404
404
404
404
404
404
405
405
405
405
405
405
405
405
405
406
406
406
406
407
407
408
408
408
407
407
407
407
407
407
407
407
408
409
409
410
410
410
410
411
411
411
411
411
411
411
411
411
411
411
411
411
411
411
412
412
412
412
412
412
412
412
412
412
412
412
412
412
412
412
412
413
413
413
414
414
414
415
415
416
416
416
417
417
417
417
417
417
417
417
418
419
419
419
419
419
419
419
419
419
419
419
419
419
419
419
419
419
419
419
419
419
419
419
419
419
419
420
420
420
420
420
420
419
419
420
420
421
421
422
422
422
422
422
422
422
422
422
422
422
422
422
422
422
422
422
422
422
422
422
422
422
422
422
422
422
422
422
422
422
422
422
422
422
422
422
422
422
422
422
422
422
422
422
422
422
422
422
422
422
422
422
422
422
422
422
423
423
423
423
423
423
423
423
423
423
424
424
424
424
424
424
425
425
425
425
425
425
425
425
425
425
425
426
426
426
426
426
426
426
426
426
426
426
426
427
427
427
427
428
428
429
429
429
429
429
429
430
430
430
430
430
430
430
430
430
430
430
430
430
430
430
430
430
430
430
430
430
431
431
431
433
433
434
434
434
434
434
434
434
434
434
434
434
434
434
435
435
435
435
435
435
435
435
435
435
435
435
435
435
435
435
435
435
435
435
435
435
437
437
437
437
437
437
437
438
438
438
438
438
438
438
438
438
438
438
438
438
438
438
438
438
438
438
438
438
438
438
438
438
438
438
438
438
438
439
439
439
439
439
439
439
439
440
440
440
440
440
440
440
440
440
440
440
440
441
441
441
441
441
441
441
441
441
441
441
441
442
443
443
443
443
443
443
443
443
443
443
443
443
443
443
443
443
443
443
443
443
443
443
443
443
443
443
443
443
443
443
443
443
444
444
444
444
444
444
444
444
445
445
445
445
445
445
445
446
446
446
446
446
446
446
446
446
446
446
447
447
447
447
447
447
447
447
447
447
447
448
448
448
449
449
449
449
449
449
449
449
449
449
449
449
449
450
450
450
450
450
450
450
450
450
450
450
450
449
449
449
449
449
449
449
449
450
450
451
451
451
451
451
451
451
451
451
452
452
452
452
452
453
453
453
453
454
454
454
454
455
455
456
456
457
457
457
457
457
457
457
457
457
457
458
458
458
459
459
459
459
460
460
460
460
460
460
460
460
460
460
460
461
462
462
462
462
462
462
462
462
462
462
462
462
462
462
462
462
462
462
462
462
462
462
462
462
462
462
462
462
462
462
462
462
462
463
464
465
465
465
465
465
465
465
465
465
465
465
465
465
465
465
465
465
465
465
465
466
466
466
466
466
466
466
467
467
467
467
467
467
467
467
467
467
467
468
468
468
468
468
468
468
468
468
468
468
468
468
468
468
468
469
469
469
469
470
471
471
471
471
471
471
471
471
471
474
474
474
474
474
474
474
474
475
475
475
475
476
476
476
477
478
480
480
480
480
480
480
480
480
480
480
480
480
481
481
481
481
481
481
481
481
481
482
482
482
482
483
483
483
483
483
483
483
483
483
483
483
483
485
485
485
485
485
485
485
485
485
485
485
485
485
485
485
485
485
485
485
485
485
485
485
485
485
485
485
485
485
485
485
486
486
486
488
488
488
488
488
488
488
488
488
488
488
488
488
488
488
488
488
488
488
488
488
488
488
489
489
489
490
490
490
490
490
490
490
490
490
490
490
490
490
491
491
491
491
491
491
491
491
491
491
491
491
492
492
492
492
492
492
492
492
492
492
492
492
492
493
493
493
495
495
495
495
495
495
495
495
495
495
495
495
495
495
495
495
495
495
495
495
495
495
495
495
495
495
495
496
496
496
496
496
496
496
496
496
496
496
496
496
497
497
497
497
497
497
497
498
498
498
498
498
498
498
498
498
498
498
498
498
498
498
498
498
498
498
498
498
498
498
498
498
498
498
498
498
498
498
498
498
498
498
499
499
498
499
499
499
499
499
499
499
499
499
499
500
499
499
499
499
500
500
500
500
500
500
500
500
500
500
500
500
500
500
500
500
500
500
501
501
501
501
501
502
502
502
502
502
502
502
502
502
502
502
502
503
503
503
504
504
504
505
506
506
506
506
507
507
507
507
507
507
507
507
507
507
507
507
507
507
507
507
508
509
509
509
509
510
510
510
510
511
511
511
511
511
511
511
511
511
511
511
511
511
511
511
512
512
513
513
513
513
513
513
513
513
513
513
513
518
518
518
518
518
518
518
518
519
519
519
519
519
520
520
520
520
520
521
521
521
521
521
521
521
521
521
521
521
521
521
521
521
521
521
521
521
521
521
522
522
522
522
522
522
523
523
523
523
524
524
524
524
525
526
527
527
527
527
527
527
528
528
528
528
528
528
528
528
529
529
530
530
530
530
530
530
531
531
531
531
531
531
531
531
531
531
531
531
531
531
531
531
531
531
531
532
532
532
532
532
532
532
532
532
532
532
532
533
533
533
533
533
533
533
533
533
534
534
534
534
534
534
534
534
534
534
534
534
534
534
534
534
534
534
534
534
534
534
534
534
534
534
534
535
535
535
536
536
536
536
537
537
538
538
538
538
538
538
538
538
538
538
538
538
538
538
538
538
538
539
539
539
539
539
539
539
540
540
540
540
540
540
540
540
540
540
540
540
540
540
540
540
540
540
540
540
540
542
542
541
541
541
541
541
541
541
541
541
541
541
542
542
542
542
542
542
542
542
542
542
542
542
542
542
542
542
542
543
543
543
544
544
544
544
544
544
545
545
545
545
546
546
546
546
546
546
546
546
546
546
546
546
546
546
546
546
546
546
546
546
546
546
546
547
547
547
547
547
547
547
547
549
549
549
549
550
550
550
551
551
551
551
551
551
551
551
551
552
552
552
552
552
554
554
554
554
554
554
554
554
555
555
555
555
555
555
555
555
555
555
555
555
555
555
555
555
555
555
555
555
555
555
555
555
555
555
555
555
556
556
556
556
556
557
557
557
557
557
557
557
558
558
559
559
560
560
560
560
560
560
560
560
560
560
561
561
561
561
561
561
561
561
561
561
561
561
562
562
562
562
562
562
562
562
562
562
562
562
562
562
562
562
562
563
563
563
563
563
563
563
564
564
564
564
564
564
564
564
564
566
566
568
568
568
568
568
568
568
568
568
568
568
568
568
568
568
569
569
569
569
569
569
569
570
570
570
570
570
570
570
570
570
570
570
570
570
570
570
570
570
570
570
570
570
570
571
571
571
571
571
571
571
572
572
572
573
573
573
573
573
573
573
573
573
573
575
575
575
575
575
575
575
575
576
576
576
576
576
576
576
576
576
576
576
576
576
576
576
576
577
578
578
578
578
578
578
578
578
578
578
579
579
580
580
580
580
580
580
580
580
580
580
580
580
580
581
581
581
581
581
581
581
581
581
581
581
582
582
582
582
582
582
582
582
582
582
582
582
582
582
582
582
582
582
582
582
582
582
582
582
582
583
583
584
584
585
585
585
586
586
586
586
586
586
586
586
586
586
586
586
586
586
586
586
587
587
587
587
587
587
587
587
587
587
587
587
587
587
587
587
587
587
588
588
588
588
588
588
588
588
588
588
588
588
588
588
588
588
588
588
588
589
589
589
589
589
589
589
589
589
589
589
589
590
590
591
592
592
592
592
592
593
593
593
593
593
593
593
593
594
594
594
594
598
598
598
598
598
598
598
598
598
598
598
598
598
600
600
600
600
600
600
600
600
600
600
600
600
600
600
600
600
600
600
600
600
600
600
602
602
602
603
603
603
603
603
603
605
605
606
606
606
606
606
606
606
606
606
606
606
606
606
606
606
606
606
606
606
606
606
606
606
606
606
607
607
607
607
607
607
607
607
607
608
608
608
608
608
609
609
609
610
610
611
611
611
611
611
612
612
613
613
613
613
613
613
613
613
613
613
613
613
613
613
613
613
613
613
613
613
613
613
613
615
617
617
617
617
617
617
617
617
617
617
617
617
617
617
617
617
617
617
617
617
617
618
619
619
619
619
619
619
620
620
620
620
620
620
620
621
621
621
621
621
621
621
621
621
621
621
621
621
621
621
621
621
621
622
622
622
622
622
622
622
622
622
622
622
623
624
624
624
624
624
624
624
624
624
624
624
624
624
624
624
624
624
624
624
624
624
624
624
625
625
625
625
625
625
626
626
626
626
626
626
626
626
626
626
626
626
626
626
626
626
626
626
626
628
628
628
628
628
629
629
629
629
629
629
629
629
629
629
629
629
629
629
629
629
629
629
629
629
629
629
629
629
629
629
629
629
630
630
630
630
630
630
630
630
630
631
631
631
631
631
631
631
631
631
631
631
631
631
631
631
631
631
631
631
631
631
631
632
632
632
632
632
632
632
632
632
632
632
634
634
634
634
634
634
634
635
635
635
635
635
635
636
636
636
638
638
638
638
638
638
640
640
640
641
641
641
641
641
641
643
643
643
643
643
643
643
644
644
644
644
644
644
645
645
645
645
645
645
646
646
646
647
647
647
648
648
648
648
648
648
648
648
648
648
648
648
649
650
650
650
650
650
650
650
650
650
651
651
652
652
652
652
652
652
652
652
652
651
651
651
651
651
651
651
651
651
651
651
651
651
651
651
651
651
651
651
652
652
652
652
652
653
653
653
653
653
653
653
653
653
653
655
655
655
655
655
655
655
655
655
655
655
655
655
655
655
655
657
657
657
657
657
658
658
658
658
657
657
657
657
657
657
657
657
657
657
657
657
658
658
658
658
658
658
658
657
657
657
657
657
657
657
657
657
657
657
657
658
658
658
658
658
658
658
658
658
658
658
658
658
658
658
658
658
658
658
658
658
658
659
659
659
660
660
660
660
660
660
660
660
662
662
662
662
662
662
662
662
662
662
662
662
662
662
662
663
663
663
663
663
663
663
663
663
663
663
663
663
663
663
663
663
663
663
663
663
664
664
664
664
664
664
664
664
664
664
664
664
664
664
664
664
664
664
664
664
666
666
666
666
667
667
667
668
668
669
669
669
669
669
669
670
670
670
670
670
670
670
670
670
670
670
670
670
670
670
670
670
670
670
670
670
671
671
671
671
671
671
671
671
671
671
671
671
671
671
671
671
671
671
671
671
671
671
671
672
672
672
672
672
674
674
674
674
674
674
674
674
674
674
674
674
674
674
674
674
674
674
674
674
674
674
674
674
674
674
674
674
674
674
674
674
674
674
674
674
674
675
675
675
675
675
676
676
676
677
677
677
677
677
677
677
677
677
677
678
678
678
678
678
678
678
678
678
677
677
677
677
677
677
677
677
677
677
679
679
679
679
679
679
679
679
679
679
679
679
679
679
679
679
679
679
679
679
679
679
679
679
679
679
680
680
680
680
680
680
680
680
680
680
680
680
680
680
680
681
681
681
681
681
681
681
682
682
682
682
682
682
682
682
682
682
682
682
683
683
683
684
684
684
684
685
686
686
686
687
687
687
687
687
688
689
689
689
689
689
689
689
689
689
689
690
691
691
691
691
691
691
691
691
691
691
691
691
691
691
691
691
691
691
691
691
691
691
692
692
692
692
692
692
692
694
694
694
694
694
694
694
694
694
694
694
694
694
694
694
694
695
695
695
695
695
695
695
695
695
695
695
695
695
696
696
696
696
696
696
696
696
696
696
696
696
696
696
696
696
696
696
696
696
696
696
697
697
697
697
697
698
698
699
699
699
699
699
699
699
699
699
699
699
700
700
700
701
701
701
701
701
701
701
701
701
701
702
702
704
704
704
704
704
704
704
705
705
706
707
707
707
708
709
709
712
712
712
712
712
712
712
712
712
712
712
712
712
713
714
714
714
714
714
714
714
714
714
714
714
714
714
714
714
714
714
714
714
714
714
714
714
714
714
714
714
715
715
715
715
715
715
715
715
715
715
715
715
716
716
716
717
717
717
717
717
718
718
718
718
718
718
718
718
718
719
719
719
719
719
719
719
719
719
719
719
719
720
720
720
720
720
720
720
720
720
720
720
720
720
720
720
721
721
721
723
723
723
723
723
723
723
723
723
724
724
724
724
724
724
724
724
724
724
724
724
724
724
724
724
724
724
724
724
724
724
724
724
724
724
724
724
724
724
724
724
724
724
724
724
724
725
725
725
725
725
725
725
725
725
726
726
726
726
726
726
726
726
726
727
727
727
727
727
727
727
727
728
728
728
728
728
728
728
728
729
730
730
730
731
731
731
731
732
732
732
732
732
732
732
732
732
732
732
732
732
732
733
733
733
733
733
733
733
733
733
734
734
734
734
734
735
735
735
735
736
737
737
737
737
737
737
737
737
737
737
736
736
736
736
736
736
737
737
737
737
737
739
739
739
739
739
739
739
739
739
739
739
740
740
740
740
740
740
740
740
740
740
740
740
740
740
740
740
741
741
741
741
742
742
742
742
742
742
742
742
742
743
743
743
743
743
743
744
744
744
744
744
744
745
745
745
745
745
745
745
745
745
745
745
746
746
746
746
746
746
746
746
746
746
746
746
746
746
746
746
746
746
746
747
747
747
747
747
747
747
747
747
747
747
747
747
747
747
747
747
747
747
747
747
747
747
747
747
747
747
747
747
747
748
749
752
752
752
752
752
751
751
751
751
752
752
752
752
752
752
752
752
752
753
753
753
753
753
754
754
755
756
756
756
756
756
757
757
757
757
757
760
760
760
760
761
761
761
761
761
761
761
761
761
761
761
762
762
762
762
762
762
762
762
762
762
762
762
762
762
762
762
762
762
762
762
762
762
762
762
764
764
764
766
766
766
766
766
766
766
766
766
766
766
766
766
766
766
766
766
766
766
766
766
766
766
766
766
766
766
766
766
767
767
768
768
768
768
768
768
768
768
768
768
768
768
768
769
769
770
770
770
770
770
770
770
770
770
771
771
771
771
771
771
771
771
771
771
771
771
771
771
771
771
771
771
771
771
771
771
771
771
772
772
772
772
772
772
772
772
772
772
774
774
774
774
775
775
777
777
777
777
777
777
777
777
777
777
777
777
777
777
777
777
777
777
777
779
779
779
779
779
779
779
780
781
781
781
782
782
782
782
783
783
783
783
783
783
783
784
784
784
784
784
784
784
784
784
785
785
785
785
785
786
786
786
786
786
786
786
786
786
786
786
786
786
786
786
786
786
786
787
787
787
787
787
787
787
788
788
788
788
788
788
788
788
788
788
788
788
788
788
788
788
788
788
788
788
788
789
789
789
789
789
789
789
790
790
790
790
790
790
790
790
790
790
790
790
790
790
790
790
790
790
790
790
790
790
790
790
790
791
791
792
792
792
792
792
792
792
792
792
792
792
792
792
792
792
792
792
792
792
792
792
792
792
792
792
792
792
792
792
792
793
793
793
793
793
793
793
793
793
794
794
795
795
795
795
795
795
795
795
796
796
796
796
795
795
795
795
797
797
797
797
798
798
798
798
798
798
798
798
799
799
799
799
800
800
800
800
800
801
801
801
801
801
802
802
802
802
802
802
803
803
803
803
803
803
803
803
803
803
803
803
803
803
803
803
803
803
803
803
803
803
803
803
803
803
803
803
803
805
805
805
805
806
807
807
807
807
807
807
808
808
808
808
808
808
808
808
808
808
808
808
808
808
808
808
808
808
808
808
808
808
808
808
808
808
808
808
808
808
808
809
809
809
809
809
810
810
811
811
811
811
811
811
811
811
811
812
812
812
812
812
813
813
814
814
814
814
814
814
814
814
814
814
814
814
814
814
814
814
814
814
814
814
814
814
814
814
814
814
814
815
815
815
815
815
815
815
815
815
815
815
815
815
815
815
815
815
815
815
816
816
816
816
816
817
817
818
818
818
818
818
818
818
818
818
818
818
818
819
819
820
820
821
821
821
821
821
821
821
821
821
821
821
821
821
822
822
822
822
822
822
822
822
822
822
822
823
823
823
823
823
823
823
823
823
823
823
823
823
823
823
823
823
823
823
823
823
823
822
822
822
822
823
824
824
824
824
824
824
824
824
824
824
824
824
824
824
824
824
824
824
824
827
827
827
827
827
827
827
828
829
829
829
829
829
830
830
830
830
830
830
830
830
830
831
831
831
831
831
831
832
832
833
833
833
833
833
833
833
833
833
833
833
833
833
833
834
834
834
834
834
834
834
834
834
834
834
834
834
834
834
834
834
834
834
834
834
834
834
834
834
834
834
834
834
834
834
834
838
838
838
838
838
842
842
842
842
842
842
842
842
842
842
842
846
846
846
846
846
846
846
845
845
845
845
845
845
845
849
849
849
849
849
849
849
849
849
849
849
849
849
849
849
853
853
853
857
857
861
861
861
861
861
861
861
861
861
861
861
861
861
861
861
861
865
865
865
865
865
865
864
864
864
864
864
864
868
872
872
872
872
872
872
872
872
872
876
876
876
876
876
876
880
880
880
880
880
888
888
888
888
888
888
888
888
888
888
888
888
888
892
892
892
892
892
892
892
892
892
892
892
892
896
895
895
895
895
895
895
895
895
895
895
895
895
895
895
895
895
895
895
895
899
899
899
899
899
899
903
903
903
903
903
903
903
903
903
903
903
903
903
903
903
903
903
903
903
903
903
903
903
903
903
907
907
907
907
907
907
911
911
911
911
911
911
910
910
910
914
914
914
914
914
914
918
918
918
922
922
925
925
925
925
925
925
925
929
929
929
929
929
929
929
929
929
929
929
929
929
929
929
929
929
929
929
933
933
933
933
933
933
933
933
933
933
933
933
933
937
937
937
937
937
936
936
936
936
936
936
936
936
936
936
936
936
936
936
936
936
936
936
936
939
939
939
939
939
939
939
939
939
939
939
939
939
939
939
939
939
943
943
943
943
943
943
943
943
943
943
943
943
943
943
943
943
943
943
943
943
943
943
943
947
951
951
951
951
951
951
951
955
955
955
955
955
955
955
955
955
955
955
955
955
955
959
967
966
966
966
966
966
966
966
966
966
966
966
966
966
966
966
966
966
966
970
970
970
970
970
970
970
970
970
970
970
970
969
969
969
969
969
969
969
977
977
977
977
981
985
985
985
985
985
985
985
985
985
985
985
985
985
985
985
985
985
985
985
985
989
989
993
997
997
996
996
996
996
996
996
996
996
996
996
996
995
999
999
1003
1003
1003
1003
1003
1007
1007
1007
1007
1007
1007
1007
1011
1011
1011
1011
1015
1015
1015
1015
1015
1015
1015
1015
1018
1018
1018
1022
1022
1022
1022
1022
1022
1022
1022
1022
1022
1022
1022
1022
1026
1026
1026
1026
1026
1026
1026
1026
1026
1026
1026
1026
1030
1030
1038
1038
1038
1038
1038
1038
1038
1038
1038
1038
1038
1042
1042
1042
1042
1046
1046
1046
1046
1046
1046
1050
1050
1050
1050
1050
1050
1050
1050
1050
1050
1050
1050
1050
1050
1050
1050
1050
1050
1050
1050
1050
1050
1054
1054
1054
1054
1054
1054
1054
1054
1054
1054
1054
1054
1054
1054
1054
1054
1054
1054
1054
1054
1053
1053
1053
1053
1053
1057
1057
1057
1057
1057
1057
1057
1057
1057
1057
1057
1057
1057
1056
1056
1056
1056
1056
1056
1056
1056
1056
1056
1056
1056
1056
1056
1056
1056
1056
1056
1056
1056
1056
1056
1056
1056
1056
1056
1060
1060
1060
1060
1060
1060
1060
1060
1060
1060
1060
1060
1064
1064
1064
1064
1064
1064
1064
1064
1068
1068
1068
1068
1068
1068
1076
1076
1076
1076
1076
1075
1075
1075
1075
1075
1075
1075
1075
1075
1075
1075
1079
1079
1078
1078
1078
1078
1077
1077
1077
1077
1081
1081
1081
1081
1081
1081
1081
1081
1081
1081
1085
1085
1085
1085
1085
1089
1089
1089
1089
1089
1089
1089
1089
1089
1089
1089
1089
1089
1089
1089
1089
1089
1089
1089
1089
1089
1089
1089
1089
1089
1089
1089
1089
1089
1089
1089
1089
1089
1089
1089
1089
1093
1093
1093
1093
1093
1093
1093
1093
1093
1093
1093
1093
1097
1101
1101
1101
1101
1101
1101
1101
1101
1101
1101
1101
1101
1101
1101
1101
1101
1101
1101
1101
1101
1101
1101
1101
1101
1101
1101
1101
1101
1101
1101
1101
1105
1105
1105
1105
1109
1109
1109
1109
1109
1109
1109
1109
1109
1109
1109
1109
1109
1109
1109
1109
1109
1109
1109
1109
1109
1109
1109
1109
1108
1108
1108
1108
1108
1108
1108
1108
1108
1108
1108
1108
1108
1108
1108
1108
1108
1108
1108
1108
1108
1112
1112
1112
1112
1112
1112
1112
1112
1112
1112
1112
1112
1112
1112
1112
1112
1116
1116
1116
1116
1116
1116
1116
1120
1120
1120
1120
1120
1120
1120
1120
1120
1120
1120
1120
1120
1120
1120
1120
1120
1120
1120
1120
1120
1120
1120
1120
1120
1120
1120
1124
1124
1124
1124
1124
1124
1124
1124
1124
1124
1124
1124
1124
1124
1124
1124
1124
1124
1124
1124
1124
1124
1124
1124
1124
1124
1123
1123
1123
1123
1123
1127
1127
1127
1127
1127
1127
1127
1127
1127
1127
1127
1127
1127
1127
1127
1135
1135
1135
1135
1135
1135
1135
1135
1135
1135
1135
1135
1135
1139
1139
1139
1139
1139
1139
1139
1139
1139
1139
1139
1139
1139
1139
1139
1143
1143
1143
1143
1143
1147
1147
1147
1147
1147
1151
1151
1151
1151
1151
1151
1151
1151
1151
1151
1155
1155
1155
1155
1155
1155
1155
1155
1155
1159
1159
1159
1159
1159
1159
1159
1159
1159
1159
1159
1159
1159
1159
1159
1159
1159
1159
1159
1159
1159
1159
1159
1159
1159
1159
1159
1163
1167
1167
1167
1167
1167
1167
1167
1167
1167
1167
1167
1167
1167
1167
1167
1167
1167
1167
1167
1167
1167
1167
1167
1171
1171
1171
1171
1171
1171
1171
1171
1171
1171
1171
1171
1171
1171
1179
1179
1179
1179
1179
1179
1179
1179
1179
1179
1179
1179
1183
1183
1183
1183
1183
1183
1183
1183
1183
1183
1183
1191
1191
1191
1191
1191
1191
1191
1191
1191
1191
1191
1191
1191
1191
1191
1195
1195
1195
1195
1195
1199
1199
1203
1203
1207
1207
1207
1207
1207
1207
1207
1207
1207
1207
1207
1207
1207
1207
1207
1207
1207
1211
1211
1211
1211
1211
1211
1211
1211
1211
1211
1211
1211
1211
1211
1211
1211
1211
1211
1211
1215
1215
1215
1215
1215
1215
1215
1215
1215
1215
1215
1215
1215
1215
1215
1215
1215
1215
1215
1215
1215
1215
1215
1215
1215
1215
1215
1215
1215
1215
1215
1215
1219
1219
1219
1219
1219
1219
1219
1219
1219
1219
1223
1223
1223
1223
1223
1223
1223
1223
1223
1223
1223
1223
1223
1223
1223
1223
1223
1223
1223
1223
1223
1223
1227
1227
1235
1235
1235
1235
1235
1235
1235
1235
1235
1235
1235
1235
1235
1235
1235
1235
1235
1235
1235
1235
1235
1235
1235
1235
1235
1235
1235
1235
1235
1235
1235
1235
1235
1235
1235
1235
1239
1239
1247
1247
1247
1246
1246
1246
1246
1246
1246
1246
1246
1246
1246
1246
1246
1246
1246
1246
1254
1254
1254
1254
1254
1258
1258
1258
1258
1258
1258
1258
1258
1258
1258
1258
1258
1258
1258
1258
1258
1262
1262
1262
1262
1262
1262
1262
1262
1262
1262
1262
1262
1266
1266
1266
1266
1266
1266
1266
1266
1266
1266
1266
1266
1266
1266
1266
1266
1266
1266
1270
1270
1270
1270
1274
1278
1278
1278
1278
1278
1278
1278
1278
1278
1278
1278
1278
1278
1282
1282
1282
1282
1282
1282
1282
1282
1282
1286
1286
1286
1286
1286
1286
1286
1290
1290
1290
1290
1290
1290
1290
1290
1290
1290
1290
1290
1290
1290
1290
1290
1290
1290
1290
1290
1290
1290
1290
1290
1290
1290
1290
1290
1290
1290
1290
1290
1294
1294
1294
1294
1298
1298
1298
1298
1298
1298
1298
1302
1302
1302
1302
1302
1306
1306
1306
1306
1306
1306
1306
1306
1306
1310
1310
1310
1310
1310
1310
1310
1310
1310
1310
1310
1310
1310
1310
1314
1314
1322
1322
1322
1322
1322
1322
1322
1322
1322
1322
1322
1322
1322
1322
1322
1322
1322
1322
1322
1322
1330
1330
1330
1330
1330
1330
1330
1330
1330
1330
1338
1338
1338
1338
1338
1338
1338
1338
1338
1338
1338
1338
1338
1338
1338
1338
1337
1337
1337
1337
1337
1345
1345
1345
1345
1345
1345
1345
1345
1345
1345
1345
1345
1345
1345
1345
1345
1345
1345
1345
1345
1345
1349
1349
1349
1349
1349
1349
1349
1349
1349
1349
1349
1353
1353
1353
1353
1353
1353
1353
1353
1361
1361
1361
1365
1365
1365
1365
1365
1365
1365
1365
1365
1365
1365
1369
1369
1369
1369
1373
1373
1373
1373
1373
1373
1373
1373
1377
1377
1377
1377
1377
1377
1377
1377
1377
1385
1385
1385
1385
1385
1385
1385
1385
1385
1385
1389
1389
1389
1389
1389
1389
1389
1389
1389
1389
1389
1389
1389
1389
1389
1389
1393
1393
1393
1393
1393
1393
1397
1397
1397
1396
1396
1396
1395
1395
1395
1395
1395
1395
1395
1399
1399
1399
1399
1402
1402
1402
1402
1405
1405
1405
1405
1405
1405
1405
1405
1405
1405
1405
1408
1408
1411
1411
1414
1417
1417
1417
1417
1417
1417
1417
1417
1417
1417
1417
1417
1417
1420
1420
1420
1420
1420
1420
1420
1420
1420
1420
1423
1423
1423
1423
1423
1423
1423
1423
1423
1423
1423
1423
1423
1423
1423
1423
1423
1423
1423
1423
1423
1423
1423
1423
1423
1423
1423
1423
1423
1423
1423
1423
1423
1423
1423
1423
1423
1423
1423
1426
1426
1426
1426
1426
1426
1426
1429
1429
1429
1429
1429
1429
1429
1429
1429
1429
1429
1432
1432
1432
1432
1432
1432
1432
1432
1432
1432
1432
1432
1432
1435
1435
1435
1435
1435
1435
1438
1438
1438
1438
1437
1437
1440
1440
1440
1440
1440
1443
1446
1449
1449
1449
1449
1449
1449
1449
1449
1449
1449
1449
1449
1449
1449
1449
1449
1449
1449
1449
1449
1449
1452
1452
1452
1452
1452
1455
1455
1455
1455
1455
1455
1455
1455
1458
1458
1458
1458
1458
1458
1458
1458
1458
1458
1458
1458
1458
1458
1458
1460
1460
1460
1460
1460
1460
1460
1460
1460
1460
1460
1460
1460
1460
1463
1463
1463
1463
1463
1463
1463
1463
1463
1463
1466
1466
1466
1466
1466
1466
1466
1466
1466
1466
1466
1466
1466
1466
1466
1466
1466
1466
1466
1466
1466
1466
1466
1466
1466
1466
1466
1466
1466
1466
1466
1466
1466
1466
1466
1466
1466
1466
1466
1466
1466
1466
1466
1466
1466
1466
1466
1466
1466
1466
1469
1469
1469
1469
1469
1469
1469
1469
1469
1469
1469
1468
1468
1468
1468
1468
1468
1468
1468
1468
1468
1468
1468
1468
1468
1468
1468
1468
1468
1468
1468
1468
1468
1468
1468
1468
1468
1468
1471
1471
1471
1471
1471
1471
1471
1471
1474
1474
1474
1474
1474
1474
1474
1474
