0
0
4
4
6
8
10
10
14
13
13
13
13
13
13
13
13
13
13
13
13
13
13
13
13
13
19
21
21
21
23
25
25
25
25
26
26
26
26
26
28
30
30
30
30
31
31
33
39
39
41
43
43
43
43
43
43
47
51
53
53
53
53
61
63
63
63
63
65
65
67
69
71
75
75
75
77
77
77
77
77
77
77
79
79
79
79
79
79
81
81
81
81
81
81
81
83
83
83
83
83
83
85
85
89
93
93
97
99
99
99
101
101
101
101
101
105
105
105
105
109
111
113
115
115
115
115
117
121
123
125
125
125
127
129
129
129
129
129
131
131
131
131
131
133
133
132
132
132
132
132
134
133
133
133
135
139
139
141
141
143
143
143
143
143
143
143
143
143
143
143
141
141
141
141
143
143
143
146
149
149
149
151
151
151
153
157
157
157
157
159
159
159
159
163
163
163
162
162
164
164
164
166
166
166
166
170
172
176
178
178
178
178
178
177
176
176
176
180
180
180
180
180
179
179
179
179
179
183
183
183
183
183
183
183
189
189
189
189
193
193
195
195
195
195
195
195
195
195
195
195
195
195
195
195
195
195
197
203
203
203
203
203
205
205
207
211
211
215
215
215
217
217
217
217
217
217
217
217
217
217
217
217
217
217
217
217
219
219
221
221
223
223
223
223
222
224
224
224
226
230
230
230
232
232
232
232
232
234
236
236
236
236
240
242
244
246
248
248
248
248
248
250
248
250
250
250
252
251
251
251
251
251
253
253
255
255
259
259
259
261
261
261
263
263
265
265
265
267
267
267
267
272
272
272
274
274
274
276
276
276
276
276
276
276
276
276
276
280
282
282
282
282
282
288
288
288
288
288
290
290
290
290
292
291
293
293
293
293
293
297
297
297
299
299
299
301
301
303
303
309
308
309
309
309
309
309
308
308
308
312
312
311
311
313
313
315
315
315
315
315
317
319
319
319
319
321
323
323
323
323
325
327
327
329
329
330
330
328
328
328
328
328
328
330
329
328
328
328
328
328
328
329
329
329
329
328
328
330
330
330
330
330
332
336
336
340
340
340
340
345
345
347
347
347
349
349
349
349
349
349
349
349
355
355
355
355
355
355
355
355
355
355
357
359
361
361
367
369
369
369
371
371
373
373
375
377
387
387
387
388
388
388
388
388
388
388
388
392
392
392
392
396
396
397
397
397
397
398
398
397
397
397
398
401
401
402
402
402
403
403
403
403
403
403
403
404
407
407
407
407
407
407
407
407
410
411
414
415
415
415
415
415
415
418
418
418
418
418
418
421
422
422
422
422
422
423
423
423
426
426
427
428
428
429
429
429
429
430
430
430
430
430
430
430
430
430
430
430
430
430
430
430
429
429
429
430
430
430
433
433
433
433
433
435
435
435
435
435
436
436
436
436
437
437
437
438
439
439
439
439
441
441
441
441
441
441
441
442
443
444
444
444
444
444
444
444
445
447
447
448
450
450
450
451
451
453
453
453
453
453
454
455
455
455
457
457
456
457
458
458
458
458
458
458
458
458
457
457
457
457
459
459
459
459
459
459
459
459
458
458
461
463
463
463
463
463
463
463
463
463
464
464
464
464
464
465
465
466
466
466
467
467
467
467
468
468
468
469
469
469
469
471
471
472
472
473
474
474
474
475
475
475
475
475
475
475
475
476
476
476
476
476
476
476
476
476
475
475
475
475
475
475
476
476
476
476
476
477
477
477
478
479
479
480
481
481
481
481
483
482
480
481
485
485
485
485
485
485
484
484
484
484
483
483
485
485
485
485
485
485
485
486
487
487
487
488
488
488
488
489
489
489
490
490
490
490
490
492
493
493
493
495
496
496
496
496
496
497
498
498
498
498
498
498
500
500
500
500
500
500
500
500
499
499
499
499
499
499
499
499
499
499
499
499
499
499
499
499
499
499
499
499
499
499
499
499
499
499
499
499
499
499
499
498
499
499
499
499
499
499
499
499
499
499
499
498
498
498
498
498
498
498
498
500
500
500
500
500
500
500
500
500
500
500
500
500
500
500
500
499
499
499
499
499
499
499
499
499
499
499
498
500
500
500
500
500
500
499
499
499
499
499
499
499
499
499
499
499
499
499
499
499
499
499
499
499
499
498
499
499
499
499
499
499
499
499
499
499
499
499
499
499
499
499
499
499
499
498
500
500
500
500
500
499
499
499
499
499
499
499
499
499
499
499
499
499
499
499
499
499
499
499
499
499
499
499
499
498
498
499
499
499
499
499
498
499
499
499
499
499
499
499
499
499
499
498
498
498
498
498
498
498
499
499
499
499
499
499
499
499
499
499
499
499
499
499
499
499
499
499
499
499
499
499
499
499
499
499
499
499
499
498
500
500
500
500
500
500
500
500
500
500
500
499
499
499
499
499
499
499
499
499
498
499
499
499
499
499
499
499
499
499
499
499
499
499
499
499
499
499
499
499
499
499
499
499
499
499
499
499
499
499
499
499
499
499
499
499
499
499
499
499
499
499
499
499
499
499
499
499
499
499
499
499
499
499
499
499
499
498
498
498
498
498
499
499
499
499
499
499
499
499
499
499
499
498
498
498
498
499
499
498
498
498
498
499
499
498
498
498
498
498
498
499
499
499
499
499
499
499
499
499
499
499
499
499
499
499
499
499
499
499
499
499
499
499
499
499
499
499
499
499
499
499
499
499
499
499
499
499
499
499
499
499
498
497
497
497
497
497
498
500
500
500
500
500
500
500
500
500
500
500
500
500
500
500
500
500
500
500
500
500
500
500
500
500
500
500
500
500
500
500
500
500
500
500
500
500
500
500
499
499
499
498
499
499
499
499
499
499
499
499
499
499
499
499
499
499
499
499
499
499
499
499
499
499
499
499
499
499
499
499
499
499
499
498
497
496
497
498
499
499
499
499
499
499
499
499
499
499
499
499
499
499
499
499
499
499
499
499
499
499
499
498
498
498
498
498
498
498
497
497
497
498
498
498
499
499
499
499
499
499
499
499
499
499
499
499
499
499
499
499
499
499
499
499
499
499
499
499
499
499
499
499
499
499
499
499
499
499
499
499
499
499
499
499
499
499
499
499
499
499
499
499
499
499
499
499
499
499
499
499
499
499
499
499
499
499
499
499
498
498
498
498
499
499
499
499
499
499
499
499
499
499
499
499
499
499
499
499
499
499
499
499
499
499
499
499
499
499
499
499
499
499
499
499
499
499
499
499
499
499
498
498
498
498
497
497
497
497
498
500
500
500
499
499
499
499
499
499
499
499
499
499
499
499
499
499
499
499
499
499
499
499
499
499
499
499
499
499
499
499
499
499
499
499
499
499
499
499
499
499
499
499
499
499
499
499
499
499
499
499
499
499
499
499
499
499
499
499
499
499
499
499
499
499
499
499
499
499
499
498
498
498
498
499
499
499
499
499
499
499
499
499
499
499
499
499
499
499
499
499
499
499
499
499
499
499
499
499
499
499
499
499
499
499
499
499
499
499
499
499
499
499
499
499
499
499
499
499
499
499
499
498
498
498
498
498
498
499
499
499
499
499
499
499
499
499
499
499
499
497
499
498
498
499
499
499
499
499
499
499
499
499
499
499
499
499
499
499
499
499
499
499
499
498
499
499
498
498
498
500
500
500
500
500
500
500
500
500
500
500
500
500
500
500
500
500
500
500
500
499
499
499
499
499
499
499
499
499
499
499
499
499
499
499
499
499
499
499
499
499
499
499
499
499
499
499
499
499
499
499
499
499
499
499
499
498
498
498
498
497
499
498
498
498
498
501
501
501
501
501
501
501
501
501
501
500
500
500
500
500
500
500
500
500
500
500
500
500
500
500
500
500
500
500
500
500
500
500
500
500
500
500
500
500
500
500
500
500
500
500
499
499
499
499
499
499
499
499
499
499
499
499
499
499
499
499
499
499
499
499
499
499
499
497
497
497
497
497
500
500
500
500
500
500
500
500
500
500
500
500
500
500
500
500
500
499
499
499
499
499
499
499
499
499
499
499
499
499
499
499
499
499
499
499
499
499
499
499
499
499
499
499
499
499
499
499
499
499
499
499
499
499
499
499
498
498
498
498
499
499
499
499
499
499
499
499
499
499
499
499
499
499
499
499
499
499
499
499
499
499
499
499
499
499
499
499
499
499
499
499
499
499
499
498
498
498
498
498
498
498
498
498
498
498
500
500
500
500
500
500
500
500
500
500
500
500
500
500
500
500
500
500
500
500
500
500
500
500
500
500
500
500
500
500
500
500
500
500
500
500
500
500
500
500
500
500
500
500
500
500
500
500
500
500
500
500
500
500
500
500
500
500
500
499
499
499
499
499
499
499
499
499
499
499
499
499
499
499
499
499
499
498
498
498
497
497
498
498
498
498
498
499
499
498
498
498
499
499
499
499
499
499
499
499
499
499
499
499
499
499
499
499
499
499
498
498
498
498
497
496
496
496
496
496
497
497
497
498
498
498
501
500
500
500
500
500
500
500
500
500
500
500
500
500
500
500
500
500
500
500
500
500
500
500
500
500
500
500
500
500
500
500
500
500
500
500
500
500
500
500
500
500
500
500
500
500
500
500
500
500
500
500
500
500
500
500
500
500
500
500
500
499
499
499
498
498
499
499
499
499
499
499
499
499
499
499
499
499
499
499
499
499
499
499
499
499
499
499
499
499
499
499
499
499
499
499
499
499
499
499
499
498
498
499
499
499
499
499
499
499
498
498
498
498
499
499
499
499
499
499
499
498
498
499
499
498
500
500
500
500
500
500
500
500
500
500
497
497
497
496
497
498
498
498
497
498
498
498
498
498
498
498
500
500
500
500
500
500
500
500
500
500
500
500
500
500
500
500
500
500
499
499
499
499
499
499
499
499
499
499
499
499
499
497
497
497
497
497
497
497
497
497
499
498
497
497
497
497
497
497
497
497
497
497
497
497
497
498
497
497
497
497
499
498
498
498
498
498
501
501
501
501
501
500
500
500
500
500
500
500
500
500
500
500
500
500
500
500
500
500
500
500
500
500
500
500
500
500
500
500
500
500
500
500
500
500
500
500
500
500
500
500
500
500
