0
3
3
2
2
1
1
1
2
2
2
2
2
1
2
1
3
3
4
4
4
4
4
4
5
5
7
7
7
7
7
7
7
7
7
8
8
10
12
12
12
12
12
12
12
12
10
13
13
13
13
13
13
13
13
13
13
15
15
19
19
19
19
19
20
20
20
20
21
21
21
21
21
21
21
21
21
21
21
23
23
24
24
24
24
24
24
24
26
26
26
28
28
28
28
29
30
30
31
31
32
32
32
32
32
32
32
33
33
34
35
35
36
36
36
36
36
36
36
36
37
39
39
38
38
39
39
39
39
39
40
41
40
40
40
41
42
42
42
42
42
42
42
43
42
42
42
42
42
43
43
43
44
45
45
46
48
48
48
48
49
49
49
49
49
49
49
48
48
48
51
53
53
53
53
53
53
56
57
58
59
58
59
59
59
59
59
59
60
62
63
63
63
63
65
65
65
67
67
67
67
67
67
67
68
69
69
69
69
70
71
72
72
73
73
72
72
72
72
72
73
73
74
74
74
74
74
76
76
76
77
77
77
78
78
83
86
86
86
86
86
86
86
88
88
87
87
87
87
87
87
87
87
87
87
87
87
87
88
88
89
89
89
89
89
89
89
89
89
89
90
90
90
90
91
91
91
93
93
95
94
94
94
94
95
95
97
97
97
97
97
97
97
97
97
97
97
97
97
97
97
97
97
97
97
97
97
97
98
99
99
102
104
104
104
105
105
106
107
107
107
107
108
108
108
108
110
111
110
111
111
111
112
112
112
115
116
116
116
116
116
116
116
116
116
116
116
116
116
118
118
118
118
119
120
120
120
120
120
124
124
123
124
124
124
124
126
126
126
126
126
126
126
127
128
128
128
129
129
130
130
130
129
128
128
128
128
128
128
128
128
128
128
129
129
129
130
130
130
130
130
130
130
129
129
130
130
131
131
130
130
130
130
131
131
132
132
133
134
134
135
135
135
136
137
137
137
138
138
138
138
138
138
139
139
139
139
138
138
138
137
137
137
137
137
137
138
139
139
139
140
140
140
140
139
139
139
139
139
140
142
142
142
144
144
146
146
146
148
148
149
149
149
149
149
150
150
150
150
150
149
149
149
149
149
153
154
159
159
159
159
160
160
162
162
163
163
164
164
165
166
166
166
165
165
165
165
165
165
165
164
164
164
164
164
166
167
167
167
166
167
167
166
166
166
166
167
167
167
168
169
169
169
169
169
168
168
170
171
172
172
172
173
173
173
172
172
172
172
173
173
173
173
173
177
178
178
180
180
181
181
181
183
183
183
184
183
183
183
183
183
183
183
183
183
184
184
186
186
186
186
188
189
189
189
189
191
191
192
193
194
194
194
194
195
195
196
196
197
199
199
199
199
199
199
200
200
201
201
202
202
203
203
203
203
203
203
203
203
204
206
206
206
206
207
207
207
207
207
207
207
207
207
207
207
207
206
206
206
206
206
206
207
207
207
207
207
207
208
208
208
208
208
208
206
207
207
207
207
207
207
208
208
208
208
208
208
208
208
208
208
207
208
207
207
207
208
208
208
208
208
208
208
208
208
208
208
209
209
209
209
209
209
209
209
209
212
212
212
212
212
218
220
220
220
220
221
221
221
221
221
222
222
222
223
223
223
223
224
225
225
225
224
225
225
226
226
226
225
225
226
226
227
227
228
227
230
230
230
230
229
229
229
229
233
233
235
235
236
236
237
237
237
237
237
238
238
237
239
241
242
242
244
244
244
244
244
244
244
244
244
245
245
245
246
247
247
247
246
246
249
249
249
249
249
249
250
251
251
252
252
252
252
250
250
250
252
254
254
255
255
259
259
259
260
260
260
263
263
263
264
264
264
264
265
265
266
266
266
266
266
266
266
268
268
268
268
266
266
266
266
267
267
267
267
269
269
269
271
271
272
272
273
273
273
274
274
275
276
276
276
276
277
277
277
277
277
277
277
277
277
277
277
277
277
277
277
277
277
277
277
277
277
277
277
277
278
278
278
279
280
280
280
280
280
280
280
280
283
283
285
285
285
285
285
285
284
284
284
284
284
285
287
289
288
289
289
290
291
290
290
291
292
293
293
293
293
293
293
293
293
293
293
293
294
294
296
296
297
298
299
299
299
300
299
299
299
300
300
300
300
300
300
303
303
303
303
303
303
303
304
304
304
304
304
304
304
304
306
306
307
307
307
308
308
310
310
310
310
311
310
311
312
312
313
314
314
314
314
315
315
315
315
315
315
315
315
316
320
319
319
319
319
320
321
321
321
322
320
320
320
320
320
320
320
320
320
320
320
320
320
320
321
321
321
320
320
320
320
321
321
321
321
321
322
322
323
323
324
324
325
326
326
326
326
327
327
327
327
327
327
328
328
331
331
331
331
334
334
334
333
335
335
335
335
335
336
336
337
338
338
340
340
340
341
342
343
343
343
344
346
347
347
347
347
347
349
349
349
349
350
351
351
351
351
351
351
351
351
351
351
351
351
352
353
355
355
355
355
356
357
357
357
360
360
361
362
363
364
365
366
366
364
363
363
363
363
363
364
363
364
364
364
364
364
368
368
368
368
368
368
369
369
368
369
370
370
370
371
370
371
371
373
373
373
374
377
377
377
377
377
377
377
377
378
378
379
379
379
380
380
380
382
382
382
382
382
383
383
383
383
383
384
384
385
387
389
389
389
389
389
390
392
393
394
394
394
394
395
395
395
395
395
395
399
399
399
399
399
400
400
400
401
401
401
402
402
403
403
403
403
406
406
406
406
406
406
406
406
406
405
405
405
405
405
406
406
407
407
408
408
408
408
407
407
407
407
408
409
408
408
408
408
408
408
409
409
409
410
410
411
411
413
412
412
412
412
412
413
414
414
414
415
414
414
415
415
415
415
415
414
414
414
414
414
414
414
414
414
414
414
414
414
415
415
416
417
417
417
417
420
421
422
422
422
421
424
424
424
424
424
425
425
425
425
425
425
425
425
425
426
426
426
426
426
426
426
426
428
429
429
429
429
429
430
430
430
429
429
429
429
429
429
430
430
430
430
430
430
430
430
430
430
430
431
431
431
431
431
432
432
433
433
435
435
435
435
435
435
438
438
435
435
435
435
435
437
438
439
438
438
438
438
438
438
438
438
438
439
440
440
440
440
440
442
442
443
443
445
447
448
448
448
448
450
450
452
452
452
453
453
454
454
454
454
455
455
457
457
457
458
459
459
459
459
461
463
464
465
466
466
466
466
466
466
465
465
465
466
466
466
467
467
469
467
468
468
468
469
469
469
469
469
470
470
470
470
470
472
472
472
473
473
473
473
475
476
476
476
477
477
478
478
478
478
478
478
478
478
478
478
478
478
478
478
478
478
478
479
480
480
480
480
480
481
483
483
483
483
483
482
482
482
482
482
483
483
482
482
484
485
486
486
486
486
487
487
487
488
488
488
488
490
491
492
493
494
494
496
496
496
498
498
497
500
500
501
501
501
501
501
501
501
501
502
502
502
502
502
502
502
502
502
502
502
502
502
502
502
503
503
504
504
504
504
505
505
506
506
506
506
507
507
507
507
508
509
510
510
510
512
513
513
515
515
515
515
516
516
517
517
517
517
517
518
520
520
521
521
522
522
524
524
524
525
525
525
525
525
525
525
526
527
527
527
527
527
527
527
527
527
527
528
528
528
530
530
529
529
529
529
529
529
529
529
530
531
533
537
537
538
538
538
538
538
538
538
539
539
539
538
538
539
539
540
540
540
540
540
540
540
541
541
541
541
541
542
543
543
543
543
543
543
543
546
546
546
546
546
546
546
546
547
547
547
547
547
547
547
548
548
548
547
548
548
548
548
548
548
548
547
547
547
547
547
548
548
548
548
548
550
550
550
551
551
552
553
553
553
553
553
553
555
555
555
556
556
556
556
556
556
556
557
560
560
561
561
561
561
561
562
562
562
562
562
562
562
562
562
562
562
562
565
568
568
568
568
568
568
568
569
569
569
569
569
569
570
571
572
572
572
572
572
572
572
572
572
573
573
577
577
577
578
578
579
579
580
580
579
579
579
580
580
580
581
581
581
581
581
581
581
582
582
583
582
582
582
582
582
585
586
586
589
589
589
591
594
594
594
594
595
595
595
596
596
598
598
598
598
598
598
599
599
601
601
601
601
601
602
602
602
602
602
602
602
602
603
603
602
602
603
603
604
603
603
603
603
605
606
606
606
607
607
607
607
607
609
610
610
611
612
612
618
619
621
621
621
621
621
622
622
622
625
626
629
629
629
629
629
629
629
629
632
633
633
635
635
635
635
635
635
635
635
634
634
634
634
634
634
634
634
635
635
635
635
636
636
636
636
636
636
636
636
638
639
639
639
639
639
639
641
641
641
641
642
642
642
641
642
643
643
643
644
644
644
644
644
645
645
645
645
645
645
645
645
645
645
645
645
645
645
647
647
647
648
648
648
649
649
649
649
650
651
651
652
651
652
652
652
652
653
654
654
655
656
656
657
657
657
657
657
657
657
657
657
657
658
659
659
657
657
659
659
659
659
659
659
659
659
659
659
659
658
658
658
658
658
660
661
661
661
662
662
662
663
665
665
666
667
667
667
667
668
669
669
669
669
670
671
671
671
672
675
675
676
675
674
674
674
674
676
676
676
676
677
677
677
677
677
677
678
678
679
679
680
680
680
681
681
680
680
683
683
683
683
685
686
686
686
687
687
687
687
688
688
689
692
691
691
691
691
692
692
693
693
692
692
693
693
694
694
694
693
693
694
694
694
695
696
696
696
696
696
696
696
697
697
697
697
697
697
697
697
697
697
697
696
696
698
699
699
699
699
699
699
699
699
699
699
699
699
699
699
699
699
699
699
699
701
700
700
700
699
700
701
701
701
701
701
701
701
701
701
701
701
701
701
701
701
700
700
700
700
701
703
704
705
705
705
706
706
706
709
709
709
710
710
710
710
710
710
710
709
709
709
710
710
710
711
711
712
712
713
713
713
713
713
714
715
715
715
715
715
715
715
717
717
720
720
720
721
722
722
722
723
723
723
725
725
724
724
724
724
724
724
724
725
725
725
725
727
730
731
732
732
732
