337
0
0
0
1
1
1
1
1
2
4
5
5
6
6
6
6
6
6
6
7
8
9
9
9
9
9
9
9
9
9
10
10
10
10
10
10
10
10
10
10
10
10
10
12
14
14
14
14
14
14
15
15
15
15
16
16
16
17
17
16
16
17
17
17
19
19
21
21
21
21
21
23
23
22
22
22
22
24
24
24
23
23
24
24
24
25
25
25
26
26
26
27
27
27
27
27
27
27
27
27
26
26
26
26
28
30
31
32
32
32
35
35
35
35
35
35
34
34
34
34
35
35
35
35
35
35
35
35
37
37
37
38
39
39
39
40
41
40
40
41
41
41
41
41
41
42
43
43
42
42
42
43
46
46
46
48
48
48
48
48
48
48
49
49
50
49
52
52
52
54
54
53
53
53
53
53
53
53
54
53
53
53
53
53
53
54
54
54
54
53
53
54
54
54
54
54
54
54
54
54
54
55
55
54
54
54
55
55
55
58
58
58
58
59
59
59
59
59
60
60
60
60
62
62
63
63
64
64
64
64
63
63
63
64
64
66
66
66
67
67
67
67
67
67
67
67
69
69
70
70
70
70
70
70
71
71
72
72
72
73
73
74
74
74
75
75
75
75
75
75
77
77
77
77
78
77
77
78
78
79
79
79
79
81
81
82
82
82
82
82
82
82
83
83
82
82
82
83
83
84
84
84
85
86
87
88
88
88
88
88
89
89
91
91
93
93
94
94
94
94
94
94
94
94
94
96
96
97
97
97
98
98
99
99
99
99
100
101
101
101
105
107
107
107
107
107
107
107
107
107
107
107
107
107
107
107
108
108
108
107
107
109
109
109
109
109
110
110
110
108
108
108
108
107
107
106
106
106
109
109
111
110
110
110
111
111
111
113
113
113
113
113
113
115
115
116
116
116
116
116
116
116
117
118
118
119
119
120
121
123
123
123
124
124
124
124
124
123
122
122
122
124
125
128
128
127
127
128
129
129
129
129
130
130
130
130
131
131
132
133
133
133
133
133
133
131
131
131
131
131
131
131
131
131
132
132
131
132
132
132
132
132
132
132
132
132
134
134
134
135
135
136
139
140
140
140
140
140
140
140
141
141
141
141
143
144
144
144
144
144
144
144
144
146
147
148
149
149
150
150
150
150
151
151
152
152
151
152
152
153
153
153
153
153
154
156
156
156
156
156
156
156
156
156
156
155
155
156
159
159
159
159
160
161
163
163
163
163
167
167
168
168
168
168
168
168
171
171
171
171
171
171
172
172
172
172
172
171
171
172
172
172
172
172
172
172
172
173
173
173
174
174
174
174
175
175
175
176
176
177
178
178
178
179
179
179
181
181
181
181
182
182
182
183
183
183
183
183
184
184
184
184
185
185
185
185
185
185
186
190
193
193
196
196
196
197
197
198
198
198
200
200
200
200
201
200
200
200
200
200
200
201
201
201
202
202
202
206
206
206
206
206
207
207
208
208
211
211
211
212
212
212
213
214
214
214
214
215
215
216
216
217
218
218
218
218
218
218
218
219
219
220
221
222
224
225
225
225
225
225
226
226
226
227
228
229
229
229
229
229
229
229
230
230
230
230
231
231
231
230
231
232
232
232
232
232
232
232
233
233
233
234
235
235
235
235
235
235
235
235
235
235
235
235
235
235
235
235
236
237
237
237
237
237
237
237
237
237
237
238
238
239
239
239
240
241
241
241
241
243
247
248
248
249
249
248
249
249
249
250
250
252
252
252
252
253
253
253
255
255
255
255
255
256
256
258
258
258
258
258
258
259
260
261
262
262
263
263
263
264
265
265
264
264
264
264
264
264
264
264
266
266
266
267
267
270
272
272
274
274
274
275
275
275
275
276
276
276
276
276
276
276
276
276
276
276
276
276
277
277
277
277
280
280
280
281
281
281
281
281
281
281
282
282
282
282
282
283
283
283
283
283
283
284
285
285
287
287
288
290
290
289
289
288
289
289
289
289
289
287
287
287
287
287
287
287
287
287
287
287
287
287
287
287
287
288
288
288
289
289
289
289
289
289
289
290
290
290
290
293
294
294
294
294
294
294
294
294
294
294
294
294
295
298
298
299
301
301
301
302
303
303
303
304
304
304
304
304
304
305
305
305
305
305
305
305
309
309
312
312
312
312
312
314
315
315
315
316
316
316
316
316
316
316
316
316
316
316
316
316
316
317
317
317
317
318
318
318
318
319
320
322
322
323
324
324
324
324
324
327
327
327
327
327
327
327
327
327
327
327
328
328
328
328
328
328
329
331
331
331
332
332
332
332
333
333
333
334
334
334
333
333
333
333
332
332
332
333
333
333
333
333
334
335
335
335
336
336
336
336
338
338
338
338
338
338
338
339
339
339
340
340
340
340
340
340
340
340
340
342
342
342
341
343
344
344
344
344
344
344
344
347
347
347
347
347
347
347
347
346
346
347
347
347
347
347
347
347
347
347
348
348
348
348
348
348
349
352
352
352
355
355
356
