1188
489
489
489
489
489
489
489
489
489
489
489
489
489
489
489
489
489
489
489
489
489
489
489
489
489
489
489
489
489
489
489
489
489
489
489
489
489
489
489
489
489
489
489
489
489
489
489
489
489
489
489
489
489
489
489
489
489
489
489
489
489
489
489
489
489
489
489
489
489
489
489
489
490
490
490
490
490
490
490
492
492
492
492
492
492
492
492
492
492
492
492
493
493
493
493
493
493
493
493
493
493
493
493
493
493
493
495
495
495
495
495
495
495
495
495
495
495
495
495
495
495
495
495
495
495
495
495
495
495
495
495
495
495
495
495
495
495
495
495
495
495
495
495
495
495
495
495
495
495
495
495
495
499
499
499
499
499
499
499
499
499
499
499
499
499
499
499
499
499
499
499
499
499
499
499
499
499
499
499
499
499
500
501
501
501
501
501
501
502
502
502
502
502
502
502
502
502
502
502
502
502
502
502
502
502
502
503
503
504
504
504
503
503
503
503
504
504
505
505
505
505
505
505
505
505
505
505
505
505
505
505
505
505
505
505
505
507
507
507
507
507
507
507
507
507
507
507
507
507
507
507
507
507
507
507
507
507
507
508
508
508
508
508
508
508
508
508
508
508
508
508
508
508
508
508
508
508
508
508
508
508
508
508
509
509
509
509
509
509
509
509
509
509
511
511
511
511
511
511
511
512
512
512
512
512
512
512
512
512
512
512
512
512
512
512
513
513
513
513
513
513
513
513
513
513
513
513
513
513
513
513
513
514
514
514
514
514
514
514
514
514
514
515
516
516
516
516
516
516
516
516
516
516
516
516
516
516
516
516
516
516
516
516
516
516
516
516
516
516
516
516
516
516
516
516
516
516
516
516
516
516
516
516
516
516
516
516
517
517
517
517
517
517
517
517
517
517
517
517
517
517
517
517
517
517
517
517
517
517
517
517
517
517
517
517
517
518
518
519
519
519
519
520
520
520
520
520
520
520
520
520
520
520
520
520
520
520
520
520
520
521
521
521
521
521
521
521
521
521
521
522
523
523
523
523
523
523
523
523
523
523
523
523
522
522
522
522
522
522
522
522
522
522
522
522
522
522
522
522
523
522
523
523
523
523
523
524
524
524
524
524
524
524
524
524
524
524
524
524
524
524
524
524
524
524
524
524
528
528
528
528
528
528
528
528
529
529
529
528
528
528
528
528
528
528
528
528
528
528
528
528
528
529
529
529
529
529
529
529
529
530
530
530
530
530
530
530
530
530
530
530
530
531
531
531
531
531
531
531
531
531
531
531
531
531
531
531
532
532
532
532
532
532
532
532
532
532
532
532
532
532
531
531
531
531
531
532
532
532
533
533
534
534
534
534
534
534
534
534
536
536
536
536
536
536
536
536
536
537
537
537
537
537
537
537
537
537
537
537
537
537
537
537
537
537
537
538
538
538
538
538
538
538
538
538
538
538
538
538
538
538
538
538
539
539
539
539
539
539
539
539
542
542
542
542
542
542
542
542
542
542
542
542
542
542
543
543
543
543
543
543
543
542
542
542
542
542
542
543
545
545
545
545
545
545
545
545
545
545
545
545
545
545
545
545
545
546
547
547
547
547
549
549
549
549
549
549
549
549
551
551
550
550
550
550
550
551
551
551
551
551
552
552
552
552
552
552
552
553
553
553
553
554
554
554
554
554
554
554
555
555
555
555
555
555
555
555
555
555
555
555
555
555
555
555
555
555
555
555
555
556
556
556
556
556
556
557
557
557
557
557
557
558
558
558
558
558
558
558
558
558
558
558
558
558
558
558
558
558
558
558
558
559
559
559
559
559
559
559
559
559
559
559
559
559
559
559
559
559
559
560
561
561
561
561
561
561
561
561
561
561
561
561
561
562
562
562
562
562
562
562
562
562
562
562
562
562
562
562
562
562
562
562
562
563
563
563
564
564
565
566
566
566
566
566
566
566
566
566
566
566
566
566
566
566
566
566
566
566
566
566
566
566
566
566
566
566
566
566
566
566
566
566
566
566
566
566
566
566
566
567
567
567
567
567
568
569
569
569
569
569
569
569
569
569
569
569
571
572
572
572
572
572
573
573
573
573
573
573
573
573
573
573
573
573
573
573
573
573
573
573
572
573
572
572
572
572
572
572
572
572
572
572
571
571
571
571
571
571
571
571
571
571
572
572
572
572
572
572
573
573
573
573
573
573
573
573
573
573
573
573
573
573
573
573
573
573
573
573
575
575
575
577
577
577
577
578
578
578
578
578
578
578
578
578
578
578
578
578
578
578
579
579
579
579
580
580
580
580
580
580
580
580
580
580
580
580
580
580
579
580
580
580
580
580
581
581
581
582
582
582
582
582
583
583
583
583
583
583
583
583
583
583
583
583
583
583
583
583
583
583
583
583
583
583
583
583
583
583
583
583
583
583
583
583
583
583
583
583
583
583
583
583
583
583
584
584
584
584
584
586
586
586
586
586
586
586
586
586
586
586
586
586
586
586
586
586
586
586
586
586
586
586
586
586
586
586
586
586
586
586
586
586
586
586
586
586
586
586
586
587
588
588
588
588
588
588
588
588
588
588
588
589
590
590
590
590
590
590
590
590
590
591
591
591
591
591
591
591
592
592
592
593
593
593
593
593
593
593
593
593
593
593
593
593
593
593
593
593
594
594
594
594
594
594
594
594
594
595
595
595
595
595
596
596
596
596
596
596
597
597
597
599
599
599
600
600
600
600
601
602
604
604
604
604
604
605
605
605
605
605
606
606
606
606
606
606
606
606
606
606
606
606
606
606
606
606
606
606
606
605
605
605
605
605
605
605
605
605
605
606
606
606
606
606
606
606
606
606
606
607
607
607
607
607
606
606
606
607
606
605
605
606
606
606
606
605
605
605
605
605
605
605
605
605
605
605
605
605
605
605
606
606
606
606
606
606
606
606
606
606
606
606
606
606
606
606
607
607
607
607
607
607
607
608
608
608
608
608
608
608
608
608
609
609
609
609
609
609
609
609
609
609
609
609
611
611
611
611
611
611
611
611
611
611
611
611
611
611
611
611
611
611
611
611
611
611
611
611
611
611
611
611
611
611
611
612
612
612
612
612
612
612
612
612
613
613
613
614
614
614
614
614
616
616
616
616
616
616
616
616
616
616
616
616
616
618
618
618
618
618
618
620
620
620
620
620
620
620
620
621
621
621
621
621
621
621
622
622
622
622
622
622
622
623
623
623
623
624
624
624
624
624
625
625
625
625
625
625
625
625
625
625
625
625
625
625
625
625
625
625
625
625
626
626
626
626
627
627
627
627
627
627
627
627
627
628
628
628
628
628
628
628
628
628
628
628
629
629
629
630
630
630
630
630
630
630
630
630
630
630
630
630
630
632
632
632
632
632
632
632
632
632
633
633
633
633
633
633
633
633
633
633
633
633
633
633
633
633
634
634
634
635
635
635
635
636
637
637
637
637
637
638
638
638
639
639
641
642
642
642
642
642
643
643
643
644
645
646
646
646
646
646
646
648
648
648
648
648
648
649
649
650
650
650
650
650
650
650
650
650
650
651
651
651
651
651
651
651
651
651
651
651
651
651
652
652
652
652
652
652
652
652
652
652
652
652
652
653
653
654
654
654
654
654
654
654
654
654
654
654
654
654
654
654
654
654
653
653
653
653
653
653
653
653
653
653
653
653
654
654
654
654
654
654
655
655
655
656
657
657
657
658
658
658
658
658
658
659
660
660
660
660
660
661
661
661
661
661
662
662
662
662
662
662
662
662
663
663
663
664
664
664
664
665
666
666
666
666
666
666
666
666
666
666
666
666
666
666
666
666
666
666
666
666
666
666
668
668
668
668
668
669
669
669
669
670
670
671
671
671
671
671
671
671
671
672
672
672
672
672
672
672
672
672
672
672
672
672
672
672
672
672
672
672
672
672
672
673
673
673
673
673
673
673
673
673
673
673
673
673
673
673
673
673
673
673
673
673
675
675
676
676
676
676
676
676
676
677
677
678
678
678
678
678
678
678
678
678
679
679
679
679
678
678
678
679
679
679
679
679
679
679
679
679
679
679
679
679
679
679
679
679
679
679
679
679
678
678
678
678
678
679
679
679
679
680
680
680
680
680
680
681
681
681
681
681
681
681
681
681
681
681
681
681
682
682
683
683
683
683
683
683
683
683
683
684
685
685
686
686
687
687
687
688
688
688
688
688
688
688
688
688
688
688
688
688
688
689
689
690
690
690
690
690
690
690
690
690
690
691
691
691
691
691
692
693
693
693
693
693
693
693
693
693
693
693
693
693
693
693
693
696
696
696
696
697
698
699
698
698
699
699
699
699
699
699
699
699
699
699
699
699
700
700
700
700
700
700
700
700
700
700
700
700
700
700
700
700
700
700
700
700
700
700
700
700
701
700
700
700
700
700
700
700
700
700
701
701
701
702
702
702
702
702
702
703
704
704
705
705
705
705
705
705
705
705
705
706
706
706
706
706
706
706
706
706
706
706
706
706
706
706
706
707
707
707
707
708
708
708
708
708
708
708
708
708
708
708
708
708
708
708
708
708
708
708
708
709
709
709
709
709
710
710
710
711
711
711
712
712
712
712
712
712
712
712
712
712
712
712
712
712
712
712
712
712
712
712
712
712
712
712
712
712
712
712
712
712
712
712
712
712
712
712
713
713
713
713
713
713
713
713
714
714
714
714
714
714
714
714
714
714
714
714
715
715
715
716
716
716
716
717
717
717
717
717
717
717
717
718
719
719
719
719
719
720
720
721
721
721
722
722
722
722
722
722
722
722
722
722
723
723
723
724
724
724
725
725
725
725
725
725
725
725
725
725
725
725
725
726
726
726
726
726
726
726
726
726
727
727
727
727
727
727
727
727
727
727
728
728
728
728
728
728
728
728
728
728
728
728
728
728
728
728
728
728
728
728
728
728
728
728
728
728
728
728
728
728
728
729
730
730
731
731
731
731
731
731
731
731
731
731
731
732
732
732
732
732
732
732
732
732
732
732
732
732
732
732
732
734
734
734
734
734
734
735
735
735
735
735
735
735
736
736
736
736
736
736
736
737
737
737
738
739
739
739
739
740
740
741
741
741
742
742
742
744
744
744
744
744
744
744
744
744
744
744
744
744
744
744
744
744
744
744
744
744
744
744
744
744
744
744
744
744
744
744
744
744
744
745
745
747
747
747
747
747
747
747
747
747
747
747
748
748
748
749
749
749
749
749
749
749
749
749
749
749
748
748
749
749
749
749
749
749
750
750
751
751
751
751
751
751
751
751
752
753
753
753
753
753
753
753
753
753
753
753
755
755
755
755
755
755
755
755
755
756
756
756
756
756
756
756
756
756
756
756
756
756
756
757
757
758
758
758
758
758
758
758
758
758
758
758
758
758
760
760
760
760
760
761
761
762
762
762
762
762
762
762
762
762
762
762
762
762
762
762
762
762
762
763
763
763
764
764
765
765
765
765
766
766
766
766
766
766
768
768
768
768
768
768
768
768
769
769
769
770
770
770
770
770
770
770
770
770
770
770
770
770
770
770
770
770
770
770
771
771
771
771
771
771
771
772
772
772
772
773
774
774
774
774
774
774
774
774
775
775
775
775
775
775
776
776
776
776
776
776
776
776
776
776
776
776
776
776
776
776
776
776
776
776
776
776
776
776
776
776
776
776
776
776
776
776
776
778
778
778
778
778
778
779
779
779
779
780
780
780
780
780
780
780
780
779
780
780
780
780
780
781
781
781
781
781
781
781
781
781
781
782
782
782
782
782
782
782
782
782
782
782
782
782
782
782
782
782
782
782
782
782
782
783
783
783
783
783
784
784
784
784
784
785
785
785
785
786
786
786
786
787
787
787
787
787
787
787
787
787
788
788
789
789
789
789
789
789
789
789
789
789
789
789
789
789
790
791
791
791
791
791
791
791
791
791
791
791
791
791
791
791
791
791
791
791
791
792
793
793
793
793
793
793
793
794
794
794
794
794
794
794
794
795
795
795
796
796
796
796
796
797
797
797
799
799
799
799
799
799
799
799
799
799
799
799
799
799
799
799
799
799
799
799
799
800
800
800
800
800
801
801
801
801
802
802
802
802
803
803
803
803
803
803
803
803
804
804
804
804
804
804
805
805
805
805
805
805
805
805
805
805
806
806
806
806
806
806
806
806
806
807
807
807
807
807
807
807
807
807
807
807
807
807
807
807
807
807
807
808
808
808
808
808
808
808
808
808
809
809
809
809
809
809
809
810
810
810
810
810
811
811
811
811
811
811
811
811
811
811
811
811
811
811
812
812
812
812
812
815
815
815
816
817
817
817
818
818
818
818
818
818
818
818
818
818
818
818
820
821
821
821
821
821
822
822
822
822
822
822
822
823
823
823
823
823
823
823
823
823
823
823
823
823
823
823
823
823
823
823
823
823
823
823
823
823
823
823
823
823
823
823
824
824
824
824
825
825
825
825
825
825
826
826
827
827
827
827
827
827
827
828
828
828
829
829
829
829
829
829
829
829
829
829
829
829
829
829
829
829
829
829
830
830
830
831
831
831
831
831
831
831
831
831
831
831
831
831
831
831
831
831
831
831
831
831
831
831
831
831
831
831
832
832
833
833
833
833
833
833
833
833
833
833
833
833
833
833
833
833
833
833
833
833
833
833
833
833
833
833
833
833
833
833
833
833
833
833
833
833
834
834
834
834
834
835
835
835
835
835
835
835
836
836
836
836
837
837
837
837
838
838
838
838
838
838
839
840
841
842
842
842
842
842
843
843
843
844
844
845
845
845
846
846
846
846
846
846
846
846
846
846
846
846
846
847
848
848
848
848
848
848
848
848
848
848
848
849
849
849
849
849
849
849
849
849
849
849
849
849
849
849
849
850
850
850
850
850
850
851
851
851
852
852
852
852
852
852
852
852
852
852
852
853
853
853
853
853
855
855
855
855
855
855
855
855
855
855
855
855
855
855
855
855
855
855
855
855
856
856
856
856
856
856
856
856
856
857
857
857
857
857
857
857
857
857
857
858
858
858
858
858
858
858
858
858
858
858
859
859
859
860
860
860
860
860
861
861
861
862
862
863
863
863
864
864
864
864
865
865
865
865
867
867
866
866
866
866
866
866
867
867
867
867
867
867
867
867
867
867
867
867
867
867
868
868
868
868
868
869
869
869
869
869
869
870
870
870
871
871
872
872
873
873
873
873
873
873
873
873
873
873
873
873
873
873
873
873
873
873
873
873
873
875
876
876
876
876
876
876
877
877
877
877
877
877
877
877
878
878
878
879
879
879
880
881
881
881
881
881
881
881
881
881
881
881
881
881
881
881
881
881
881
882
882
882
882
882
882
882
882
882
882
882
882
882
882
882
882
882
882
882
882
882
882
882
882
882
882
882
882
885
885
886
886
886
886
889
889
889
889
889
889
889
889
889
889
889
889
889
889
889
890
889
889
890
890
890
890
890
890
891
891
891
891
891
891
892
892
893
893
893
893
893
893
893
895
895
895
895
895
895
895
895
895
896
896
896
896
896
896
896
898
898
898
898
898
897
897
897
897
897
897
897
897
897
897
897
897
897
898
898
899
899
900
900
900
900
900
900
901
902
902
902
902
902
902
902
902
902
902
902
902
902
902
902
901
902
902
902
902
902
902
902
902
902
902
902
902
902
902
902
902
902
902
902
902
902
902
902
902
903
903
903
903
903
903
903
903
903
903
903
903
903
903
903
903
903
903
903
903
904
904
906
906
906
906
906
906
906
906
907
907
907
908
908
908
908
908
908
908
908
908
908
908
908
910
910
910
910
910
910
910
910
910
910
910
910
910
910
910
910
910
910
911
911
911
911
911
911
911
911
911
911
911
911
911
911
911
911
911
911
911
911
911
911
911
911
911
911
911
911
911
911
911
911
912
914
914
914
914
915
915
916
916
917
917
917
917
917
917
917
917
917
917
917
918
918
918
918
918
918
918
918
918
918
918
918
918
918
918
919
919
919
919
919
919
919
919
919
920
920
920
920
920
920
920
921
921
921
921
921
921
922
922
923
923
923
923
923
923
923
923
923
923
923
923
924
924
924
924
924
924
924
924
925
925
925
926
926
926
926
925
925
925
925
927
927
927
927
927
927
927
927
927
927
927
927
927
927
927
927
927
927
927
927
928
928
931
932
932
932
932
932
932
933
933
933
933
933
933
933
933
933
934
934
934
934
934
934
934
934
934
934
934
934
934
934
935
936
936
936
936
936
936
936
936
936
936
936
936
936
936
936
936
936
936
936
936
936
936
936
936
936
936
936
936
936
936
936
936
936
936
936
936
936
936
936
936
936
936
936
936
937
937
937
937
937
937
938
938
938
937
938
938
938
938
938
939
939
940
940
940
940
940
941
942
942
943
943
943
943
944
944
944
944
944
945
945
946
946
946
946
946
946
946
946
946
946
946
946
946
946
946
946
946
946
946
946
947
946
946
946
946
946
946
946
947
947
948
948
948
948
948
948
948
948
948
948
948
948
948
948
948
948
949
949
949
950
950
950
950
950
951
951
951
951
951
951
951
951
952
952
952
952
952
952
952
952
952
953
953
955
955
955
955
955
955
955
955
957
957
957
957
957
957
957
957
957
957
957
958
958
958
958
958
958
958
958
958
958
958
958
958
958
958
958
958
958
958
958
959
959
959
959
959
959
959
959
959
959
959
959
959
959
959
960
960
960
960
960
961
961
961
961
961
961
961
961
961
961
961
961
961
961
961
961
961
962
962
962
962
962
962
963
963
963
963
963
965
965
965
966
966
966
966
967
967
968
968
968
968
968
968
969
969
969
969
969
971
971
971
971
971
971
971
971
971
971
971
971
971
971
971
971
971
971
971
971
971
971
971
971
971
971
971
971
971
971
971
971
971
971
972
972
972
972
972
972
972
972
972
972
972
972
972
972
972
972
974
974
974
974
975
975
975
975
975
976
976
976
976
976
976
976
976
976
976
976
976
976
976
976
976
976
976
976
976
976
976
976
976
976
976
976
976
976
976
976
976
976
976
976
976
976
976
976
976
977
977
978
979
979
979
979
979
979
980
980
980
980
980
980
980
980
980
980
980
980
980
980
980
980
980
980
980
980
981
981
981
981
981
981
981
981
981
981
981
981
981
981
981
981
981
981
981
981
981
981
981
981
981
981
981
981
981
981
981
981
981
981
981
981
982
982
982
982
982
982
982
982
982
982
982
982
982
982
982
982
982
982
982
983
983
983
983
983
983
983
983
983
983
983
983
983
983
983
983
984
984
984
984
984
984
984
984
984
984
985
985
985
985
985
985
985
985
985
985
986
986
986
986
986
986
986
986
986
986
986
986
986
986
986
986
986
987
987
987
987
987
987
987
987
987
987
987
987
987
987
987
987
987
987
987
987
987
987
987
987
987
987
987
987
987
987
987
987
987
988
988
988
988
988
988
988
988
988
988
989
989
989
989
989
989
989
989
989
990
990
990
990
991
991
991
991
991
991
991
991
991
991
991
991
991
991
991
991
991
991
992
992
992
992
992
992
992
992
992
992
992
992
992
992
992
992
992
992
992
992
992
993
993
993
993
993
993
994
994
994
994
994
994
994
994
994
994
994
994
994
994
996
996
997
997
997
998
998
999
999
999
999
999
999
999
999
999
999
999
999
999
1001
1001
1001
1001
1001
1001
1001
1003
1003
1003
1003
1003
1003
1003
1003
1004
1004
1004
1004
1004
1005
1005
1005
1005
1005
1005
1005
1005
1005
1005
1005
1005
1005
1005
1005
1005
1005
1005
1005
1005
1005
1005
1005
1005
1005
1005
1005
1005
1005
1006
1005
1005
1005
1005
1005
1005
1006
1006
1006
1006
1006
1006
1006
1006
1006
1006
1006
1006
1006
1006
1006
1006
1007
1007
1007
1007
1007
1007
1007
1007
1008
1008
1008
1008
1008
1009
1010
1010
1010
1010
1010
1010
1010
1010
1010
1010
1010
1010
1010
1011
1012
1012
1012
1012
1013
1013
1013
1013
1013
1013
1015
1015
1015
1015
1015
1015
1015
1015
1015
1015
1015
1015
1015
1015
1015
1016
1017
1017
1017
1017
1017
1018
1018
1018
1018
1018
1018
1018
1018
1018
1018
1019
1019
1019
1019
1019
1019
1019
1019
1019
1019
1019
1019
1019
1019
1019
1019
1019
1019
1021
1021
1021
1021
1022
1022
1022
1022
1022
1022
1022
1022
1023
1023
1023
1023
1023
1024
1024
1024
1024
1024
1024
1025
1025
1025
1025
1025
1025
1025
1025
1025
1025
1025
1025
1025
1025
1025
1025
1025
1025
1026
1026
1026
1026
1026
1026
1026
1027
1027
1027
1027
1027
1027
1027
1027
1027
1027
1027
1027
1027
1027
1027
1027
1027
1027
1027
1027
1027
1027
1027
1027
1027
1027
1027
1027
1027
1027
1027
1027
1028
1028
1028
1028
1028
1028
1028
1028
1028
1028
1028
1028
1028
1028
1028
1029
1029
1029
1029
1030
1030
1030
1030
1030
1030
1030
1030
1030
1030
1030
1030
1030
1030
1030
1030
1030
1030
1030
1030
1030
1030
1030
1030
1030
1030
1030
1030
1031
1031
1031
1031
1031
1031
1031
1031
1031
1031
1031
1032
1032
1032
1032
1033
1033
1033
1034
1034
1034
1034
1034
1034
1034
1035
1035
1035
1035
1035
1035
1035
1036
1036
1036
1036
1036
1037
1037
1037
1037
1037
1038
1038
1039
1040
1040
1040
1040
1040
1040
1040
1041
1041
1041
1041
1041
1042
1042
1043
1043
1043
1044
1044
1044
1044
1044
1044
1044
1044
1044
1044
1044
1044
1044
1044
1044
1044
1044
1044
1044
1044
1044
1045
1045
1045
1045
1045
1045
1045
1045
1045
1045
1045
1045
1047
1048
1048
1048
1048
1048
1048
1048
1048
1048
1048
1048
1048
1048
1048
1048
1048
1048
1048
1048
1048
1049
1049
1049
1049
1049
1050
1050
1050
1050
1050
1050
1050
1050
1050
1050
1050
1050
1050
1050
1050
1051
1051
1051
1052
1052
1052
1052
1052
1052
1052
1052
1052
1052
1052
1052
1052
1052
1052
1053
1053
1053
1053
1053
1053
1053
1053
1053
1053
1053
1053
1053
1053
1054
1054
1054
1054
1054
1054
1055
1055
1055
1055
1057
1057
1057
1058
1058
1058
1058
1058
1058
1058
1058
1058
1058
1058
1058
1058
1058
1058
1058
1058
1058
1058
1058
1058
1058
1058
1058
1058
1058
1058
1058
1058
1058
1058
1058
1058
1058
1058
1058
1058
1058
1058
1058
1058
1058
1058
1058
1058
1058
1058
1058
1058
1058
1058
1058
1058
1059
1059
1058
1058
1059
1059
1060
1061
1061
1061
1061
1061
1061
1061
1061
1061
1061
1061
1061
1062
1062
1062
1062
1062
1062
1062
1063
1064
1064
1064
1064
1064
1064
1064
1063
1063
1063
1063
1063
1063
1064
1064
1064
1063
1063
1063
1063
1063
1063
1063
1063
1063
1063
1063
1063
1063
1063
1063
1063
1063
1063
1063
1063
1063
1063
1063
1064
1065
1065
1065
1065
1066
1066
1066
1066
1067
1067
1067
1069
1069
1069
1070
1070
1070
1070
1070
1070
1070
1070
1070
1070
1070
1073
1073
1073
1073
1073
1073
1073
1073
1073
1073
1073
1073
1073
1073
1073
1075
1075
1075
1075
1075
1075
1075
1075
1076
1076
1076
1076
1076
1076
1076
1076
1076
1076
1076
1076
1076
1076
1076
1076
1076
1076
1076
1076
1076
1076
1076
1076
1076
1076
1076
1076
1077
1077
1077
1078
1078
1078
1079
1081
1081
1081
1081
1081
1082
1082
1082
1082
1081
1082
1082
1083
1083
1083
1083
1083
1084
1084
1084
1084
1084
1084
1084
1084
1084
1084
1084
1084
1084
1085
1085
1085
1085
1085
1085
1086
1086
1086
1086
1086
1087
1087
1088
1088
1088
1088
1088
1088
1088
1088
1088
1088
1088
1088
1088
1088
1088
1088
1089
1089
1089
1089
1089
1089
1089
1089
1089
1089
1089
1089
1089
1089
1089
1089
1089
1089
1089
1089
1089
1089
1089
1089
1089
1089
1089
1089
1089
1089
1089
1089
1089
1089
1089
1089
1089
1089
1089
1089
1089
1089
1089
1089
1089
1089
1089
1089
1089
1089
1089
1089
1089
1089
1089
1090
1090
1090
1090
1090
1090
1090
1090
1090
1091
1091
1091
1091
1091
1091
1091
1091
1091
1091
1091
1092
1092
1092
1092
1092
1092
1092
1092
1092
1092
1092
1092
1092
1092
1093
1093
1093
1093
1096
1096
1096
1096
1096
1096
1097
1097
1097
1097
1097
1097
1097
1097
1097
1098
1098
1099
1099
1099
1099
1099
1099
1099
1099
1099
1099
1099
1100
1100
1100
1100
1100
1100
1102
1102
1102
1102
1102
1102
1102
1103
1103
1104
1104
1105
1105
1105
1105
1105
1106
1107
1107
1107
1108
1108
1108
1108
1108
1108
1108
1108
1108
1108
1108
1108
1108
1108
1108
1108
1108
1108
1108
1108
1108
1108
1108
1108
1108
1108
1108
1108
1108
1108
1108
1108
1108
1108
1108
1108
1108
1108
1108
1108
1109
1109
1109
1109
1109
1109
1109
1109
1109
1109
1110
1110
1110
1110
1111
1111
1111
1111
1111
1111
1111
1111
1111
1111
1111
1111
1111
1111
1111
1111
1111
1111
1111
1111
1111
1111
1112
1112
1112
1112
1112
1112
1112
1112
1112
1112
1112
1112
1112
1112
1112
1112
1112
1112
1112
1112
1112
1112
1114
1114
1114
1114
1114
1115
1115
1115
1115
1115
1115
1116
1116
1116
1116
1118
1118
1118
1119
1119
1119
1119
1119
1119
1119
1119
1119
1119
1119
1119
1119
1119
1119
1120
1119
1119
1119
1119
1119
1119
1119
1119
1119
1119
1120
1120
1120
1120
1120
1120
1120
1120
1120
1120
1120
1120
1120
1120
1120
1120
1120
1120
1120
1120
1120
1120
1120
1121
1121
1121
1121
1121
1122
1122
1122
1122
1122
1122
1122
1122
1122
1122
1122
1122
1122
1122
1122
1122
1122
1122
1122
1121
1121
1121
1121
1121
1121
1121
1121
1121
1121
1121
1121
1121
1122
1122
1122
1122
1122
1123
1123
1123
1123
1123
1123
1123
1123
1123
1123
1123
1123
1123
1123
1123
1124
1124
1124
1124
1124
1124
1124
1124
1124
1124
1124
1124
1124
1124
1124
1124
1124
1124
1126
1126
1126
1126
1126
1126
1126
1126
1126
1126
1126
1126
1126
1126
1126
1126
1126
1126
1126
1126
1126
1126
1126
1126
1126
1126
1126
1126
1126
1126
1126
1126
1126
1126
1126
1126
1126
1126
1126
1126
1126
1126
1126
1126
1126
1126
1126
1126
1126
1126
1126
1126
1128
1128
1128
1128
1128
1128
1128
1128
1128
1128
1128
1128
1128
1128
1128
1128
1129
1129
1129
1129
1129
1129
1129
1129
1129
1131
1131
1132
1132
1132
1132
1132
1132
1132
1132
1132
1132
1132
1132
1132
1132
1132
1132
1132
1132
1132
1132
1132
1132
1132
1132
1132
1132
1132
1132
1133
1133
1133
1133
1133
1133
1133
1133
1133
1133
1133
1133
1133
1134
1134
1134
1134
1134
1134
1134
1134
1134
1134
1134
1134
1134
1134
1133
1133
1133
1133
1133
1133
1134
1134
1134
1134
1134
1134
1134
1134
1134
1134
1134
1134
1134
1134
1134
1134
1134
1134
1134
1134
1134
1134
1134
1134
1135
1136
1136
1136
1136
1136
1136
1136
1136
1136
1136
1136
1136
1137
1137
1138
1138
1139
1140
1140
1140
1140
1140
1140
1141
1141
1141
1141
1141
1141
1141
1141
1141
1141
1141
1142
1142
1142
1142
1142
1142
1142
1142
1142
1142
1142
1142
1143
1143
1143
1143
1143
1143
1143
1143
1143
1143
1143
1143
1143
1143
1143
1143
1144
1144
1144
1144
1144
1144
1144
1144
1145
1145
1145
1145
1145
1145
1145
1145
1145
1145
1145
1145
1145
1145
1145
1145
1145
1145
1145
1145
1145
1145
1145
1145
1145
1145
1145
1145
1145
1145
1145
1145
1145
1146
1146
1146
1146
1146
1147
1147
1148
1148
1148
1148
1148
1148
1148
1148
1149
1149
1149
1149
1149
1149
1149
1149
1149
1149
1149
1149
1149
1149
1150
1150
1150
1150
1151
1152
1152
1152
1152
1152
1152
1152
1152
1152
1152
1152
1152
1152
1152
1152
1152
1152
1152
1152
1154
1154
1154
1154
1154
1154
1155
1155
1155
1156
1156
1156
1156
1156
1156
1156
1156
1157
1157
1158
1158
1158
1158
1158
1158
1158
1158
1158
1158
1158
1158
1158
1158
1158
1158
1158
1158
1158
1158
1160
1160
1160
1160
1160
1160
1160
1160
1160
1160
1160
1160
1160
1160
1160
1160
1160
1160
1160
1160
1160
1160
1161
1161
1161
1161
1161
