122
124
124
124
124
124
126
128
128
128
128
128
130
130
130
130
130
130
130
130
130
130
130
132
132
132
132
132
132
132
132
132
132
132
134
134
134
134
134
136
136
136
136
136
138
138
138
138
140
139
139
139
139
143
143
143
145
145
145
145
145
149
149
149
149
149
149
151
151
151
151
151
153
153
153
153
153
153
153
153
155
155
155
155
155
155
155
155
155
155
159
159
159
159
159
159
161
161
161
161
161
161
161
161
161
161
163
163
163
163
163
163
163
163
163
163
163
163
163
163
163
163
163
163
165
165
165
167
167
167
167
167
167
167
167
167
167
167
167
167
169
169
169
169
175
175
175
177
177
179
179
179
179
179
179
179
179
179
183
183
183
183
184
184
184
186
186
186
185
185
187
187
187
187
187
187
189
189
189
189
189
189
191
190
190
189
189
189
189
189
189
189
189
191
191
191
191
191
191
191
191
191
191
191
191
191
191
191
191
191
191
191
191
191
191
191
191
191
191
191
191
191
193
193
195
195
195
195
197
197
197
197
197
197
197
197
197
197
199
201
201
201
201
201
201
201
201
201
201
201
201
201
201
201
203
203
203
203
203
205
204
204
204
204
204
204
204
206
206
206
206
206
206
208
208
208
208
208
208
208
208
208
208
208
208
208
208
210
210
212
212
212
212
212
212
212
212
212
212
212
212
216
216
216
216
216
216
216
216
216
218
218
218
218
218
218
220
222
222
222
222
224
224
224
224
224
224
224
224
224
224
224
224
224
224
224
224
224
224
224
224
226
226
226
226
226
226
226
226
228
228
228
228
228
228
228
228
228
230
232
232
232
232
232
232
232
232
232
232
232
232
232
232
232
232
232
232
232
232
232
234
234
234
234
236
236
236
236
236
239
239
239
239
239
239
239
239
239
241
241
241
241
243
243
243
243
245
245
245
245
245
245
245
245
249
249
248
248
250
250
250
250
250
250
250
250
250
250
250
250
250
252
252
252
252
252
252
254
254
254
254
254
254
256
256
256
256
256
256
258
258
260
260
260
260
260
260
260
260
262
262
264
264
264
264
264
264
264
264
264
264
264
264
266
266
268
268
268
268
268
268
268
268
268
268
268
268
268
268
268
268
268
268
268
268
268
268
268
268
268
268
268
268
268
270
270
270
270
270
270
270
270
272
272
272
272
272
272
272
272
272
272
272
274
274
274
274
274
274
274
274
274
276
276
276
276
278
286
286
286
286
286
286
286
288
290
290
290
290
292
292
292
292
292
292
294
294
294
294
294
294
294
296
296
296
296
296
296
296
296
296
296
296
296
296
298
300
300
300
300
300
300
300
300
300
300
300
300
302
302
302
302
302
302
302
302
302
302
302
304
304
304
304
304
304
304
304
304
304
304
304
304
304
304
306
306
306
306
306
306
306
305
305
305
305
305
307
311
315
315
315
315
315
315
315
315
315
315
315
315
315
315
315
315
315
315
315
315
315
315
315
315
317
321
321
321
321
321
321
321
321
321
321
321
321
321
321
321
321
321
321
321
323
323
323
323
323
323
323
323
325
325
325
325
325
324
324
324
324
324
326
326
326
326
326
326
326
326
328
328
328
328
328
328
328
328
328
328
328
328
328
328
328
328
328
328
328
328
328
328
328
328
328
328
328
330
330
330
330
330
330
330
330
330
330
330
330
330
330
330
330
330
330
330
330
330
330
330
330
330
330
330
330
330
330
330
330
331
331
331
331
331
330
332
332
334
334
334
334
336
336
336
336
336
336
336
336
336
336
336
336
336
336
336
336
336
336
336
336
336
336
336
336
336
336
336
336
336
336
336
336
340
340
340
340
340
340
340
340
340
340
340
340
340
340
340
340
340
340
340
340
340
340
340
340
340
342
342
342
342
342
342
342
342
342
342
344
344
344
344
344
346
346
346
346
348
348
348
350
352
352
352
354
354
354
354
354
356
356
356
356
356
356
358
358
358
358
358
358
358
358
358
358
358
358
358
358
358
358
358
358
360
360
360
360
362
362
362
362
362
362
362
362
362
362
362
362
362
362
362
362
362
362
362
366
366
366
366
366
368
370
370
370
370
370
370
370
370
370
370
372
372
372
372
374
374
374
374
374
374
374
374
374
376
375
375
375
377
377
377
377
379
378
377
377
377
377
377
377
377
377
377
377
377
377
377
377
377
379
381
383
383
383
383
383
383
383
383
383
383
385
385
385
385
385
385
385
385
385
387
387
387
387
387
387
387
387
387
387
387
387
387
387
387
387
387
387
387
387
387
387
387
387
387
387
387
388
388
389
389
389
389
389
389
389
389
389
389
389
389
389
389
389
389
389
389
389
389
389
390
390
390
390
390
390
390
390
390
390
390
389
389
389
389
389
389
389
389
389
389
390
390
390
390
390
390
390
390
390
390
390
390
390
390
391
391
391
391
391
391
391
391
391
391
394
394
394
394
395
395
395
395
395
395
395
395
395
395
395
395
395
395
395
395
395
395
396
396
396
396
396
396
396
396
396
396
396
396
396
396
396
396
396
395
395
395
395
396
396
396
396
396
396
396
396
396
396
396
396
396
396
396
396
396
396
396
396
396
397
397
397
398
398
398
398
398
398
399
399
399
399
399
399
399
399
399
400
401
401
401
401
401
401
401
402
402
402
402
402
402
402
403
404
404
404
404
404
404
404
405
405
405
405
405
405
406
406
407
407
407
407
407
408
408
408
408
408
409
409
409
409
409
409
410
410
410
410
410
410
411
411
411
411
411
412
412
412
413
413
413
413
414
414
414
415
415
415
415
415
415
415
414
414
414
414
414
414
414
414
414
413
413
413
413
413
413
413
414
414
414
414
415
415
415
415
415
415
415
415
415
415
415
416
416
416
416
416
416
416
416
416
416
416
416
416
416
416
416
416
416
417
417
417
417
417
417
417
418
418
418
418
418
418
418
418
418
421
421
424
424
424
424
424
424
424
424
424
424
424
424
424
424
424
424
424
424
424
425
425
425
425
425
425
425
425
425
425
425
425
425
425
426
426
426
426
426
426
426
426
427
427
427
427
427
427
427
427
427
427
427
427
428
429
429
429
429
429
429
429
429
430
430
430
430
430
430
430
430
430
430
430
430
430
430
431
431
431
431
431
432
432
432
432
432
432
432
432
432
432
432
432
433
434
434
434
434
434
435
435
435
435
435
435
435
435
435
435
435
434
434
434
434
434
434
434
434
435
435
435
435
435
435
435
435
435
435
435
435
435
435
435
435
436
436
437
437
437
437
437
437
438
438
438
438
438
438
438
438
438
438
438
438
438
438
439
439
439
439
439
439
439
439
439
440
440
440
440
441
441
441
441
441
441
441
441
441
442
442
442
442
442
442
442
442
442
442
442
442
443
444
444
444
444
444
