488
0
0
0
15
15
15
30
30
30
30
30
45
45
45
45
45
45
45
45
45
45
47
47
47
47
47
47
47
47
47
47
47
47
47
47
47
47
47
47
47
47
47
49
49
51
51
51
51
51
51
51
51
51
51
51
51
51
55
55
55
55
55
55
55
55
55
55
58
58
58
58
58
60
60
60
62
62
62
62
62
62
62
62
62
62
62
62
62
62
62
62
62
66
66
66
66
66
66
66
66
66
66
66
66
66
66
66
66
66
66
66
68
68
68
68
68
68
68
68
68
68
68
68
68
68
68
68
68
68
68
70
70
70
70
70
70
70
70
70
70
70
70
70
70
70
70
70
70
72
72
72
72
72
74
74
74
74
74
74
74
74
74
74
76
76
76
76
76
76
76
76
76
76
76
76
76
76
78
78
78
80
80
80
80
80
80
82
82
82
82
82
82
82
82
82
82
82
82
84
84
86
86
86
88
88
88
88
88
88
90
91
91
91
91
91
91
91
91
91
91
91
91
91
91
91
91
93
93
93
93
93
93
93
93
93
93
93
93
93
95
94
94
94
96
96
96
96
96
96
96
96
96
96
96
96
96
96
96
96
96
96
96
96
96
96
96
96
98
98
102
102
102
102
102
102
102
102
102
102
102
102
102
102
102
102
102
102
102
102
102
104
104
104
104
104
104
104
104
104
104
104
104
104
104
104
104
104
104
106
106
106
106
106
106
106
106
106
106
106
106
106
106
106
106
106
108
108
108
108
110
110
110
110
110
112
112
112
114
114
114
114
114
114
114
114
114
114
114
114
114
114
114
114
114
114
114
114
114
114
118
118
118
118
118
118
118
120
120
120
122
124
124
124
124
126
128
128
128
128
128
128
128
128
128
128
132
132
132
134
134
136
136
136
135
137
137
137
137
137
137
137
137
137
137
137
137
137
137
139
139
139
141
141
141
141
141
141
141
141
143
143
143
143
143
143
143
143
143
143
143
143
143
142
142
144
144
144
144
144
144
144
144
144
144
144
144
144
144
148
152
152
154
156
158
158
158
160
160
160
160
162
162
162
162
164
164
164
164
164
166
166
166
166
166
166
166
166
166
166
170
172
172
172
172
172
172
174
174
174
174
174
174
174
174
176
176
176
176
178
178
178
178
178
178
178
178
178
178
178
178
178
177
179
179
181
181
181
181
181
181
181
181
181
181
181
181
181
181
181
183
183
183
183
183
183
183
183
185
185
185
185
185
185
185
185
185
185
185
185
185
185
185
185
185
187
189
189
189
189
189
191
191
191
193
193
193
193
193
193
195
195
195
195
195
195
195
197
197
197
197
197
197
197
197
197
197
197
197
197
197
197
197
197
197
197
197
197
197
197
197
197
197
197
197
199
199
199
199
198
198
198
198
198
198
198
198
198
198
198
198
198
198
198
198
198
200
200
200
200
199
199
199
199
199
199
199
199
199
199
199
199
201
201
201
201
201
201
201
201
201
201
201
201
201
203
203
203
203
203
203
203
203
203
203
203
203
203
205
205
205
205
205
205
205
207
207
207
207
207
207
207
207
207
207
207
207
207
207
207
207
207
207
207
207
207
207
209
209
209
211
211
211
213
213
213
213
213
213
213
213
213
215
215
215
217
217
217
217
217
217
217
217
217
217
217
217
217
217
217
221
221
225
225
225
225
225
225
225
225
225
225
225
225
225
227
229
228
228
228
228
228
228
228
230
230
230
230
230
230
230
230
230
230
230
230
230
230
230
230
230
232
232
232
232
232
232
234
234
234
234
234
234
234
236
236
238
238
238
238
238
238
238
238
238
238
238
238
238
238
238
238
238
238
238
238
238
238
238
238
238
238
238
238
238
238
238
238
238
240
240
240
240
240
242
244
244
244
244
244
244
244
244
244
244
244
244
246
246
246
246
247
247
247
247
247
247
247
247
247
247
246
246
246
246
246
246
246
246
248
248
248
248
248
248
248
248
248
248
248
248
248
248
248
248
248
248
248
248
248
248
248
248
248
248
250
250
250
252
252
252
254
254
254
256
256
256
256
256
256
256
256
256
256
256
256
256
256
256
256
256
256
256
256
256
256
256
256
258
260
262
262
262
262
262
264
264
264
264
264
264
263
263
263
263
263
263
263
263
263
263
263
263
263
263
263
263
263
263
263
263
263
263
263
263
265
265
265
265
265
265
267
267
267
267
267
267
269
269
269
271
271
271
271
271
273
273
273
273
273
273
273
273
273
273
273
273
273
275
275
275
275
275
275
275
277
277
277
276
276
276
276
276
276
276
276
276
276
276
276
276
276
276
276
276
276
276
276
276
276
276
276
276
276
276
276
276
276
276
276
276
276
276
276
276
275
275
275
275
275
275
275
275
275
275
275
275
275
275
275
275
275
275
275
275
277
281
281
281
281
281
281
281
283
283
283
283
283
283
283
283
283
283
283
283
283
283
283
283
283
283
283
283
283
283
283
283
283
285
285
285
285
285
285
285
285
285
285
285
285
285
285
285
285
285
285
285
285
285
285
285
285
285
285
285
287
287
287
287
287
289
289
289
289
289
289
289
289
289
289
289
289
289
289
291
291
291
291
291
293
293
293
293
293
293
293
297
297
297
297
297
297
297
299
299
299
299
299
299
299
299
299
299
299
299
299
299
299
299
299
299
299
299
299
299
299
299
299
299
299
299
299
299
299
299
299
299
299
299
299
299
299
299
299
299
299
299
299
299
299
299
299
299
299
301
303
303
303
303
303
305
305
307
307
307
307
307
307
307
307
307
307
307
307
307
307
307
309
309
309
309
309
309
309
309
309
309
309
309
309
311
311
311
311
311
313
313
313
315
315
317
317
317
317
319
319
321
321
321
321
321
321
321
321
321
321
321
321
321
321
321
321
321
321
321
321
321
321
321
321
321
321
323
323
323
323
323
323
323
323
323
323
323
323
323
325
325
325
325
325
325
325
325
325
325
325
325
325
327
327
327
327
327
329
329
329
329
329
329
329
329
329
329
329
329
329
329
329
331
331
331
333
333
333
333
333
333
333
333
333
333
333
333
333
333
333
335
335
335
337
337
339
339
339
339
339
339
339
339
339
339
339
339
341
341
341
343
343
343
343
343
345
345
345
345
345
345
345
345
345
345
345
345
345
345
345
345
345
345
345
345
345
347
347
347
347
347
349
349
349
349
349
351
351
351
351
353
353
353
353
353
353
353
353
355
355
355
355
355
355
355
355
355
355
355
355
355
354
354
356
356
356
356
360
360
360
360
360
360
360
360
360
360
360
360
360
360
360
360
360
360
360
360
360
360
360
360
360
360
360
360
360
360
360
360
360
360
360
360
360
360
360
360
360
360
360
360
360
362
362
362
362
362
362
362
362
362
362
362
362
362
362
362
362
362
362
362
362
362
362
362
362
362
362
362
362
362
364
364
364
364
366
366
366
366
366
366
366
366
366
366
366
366
366
366
366
366
366
366
366
366
366
366
366
366
366
366
368
368
368
368
368
368
370
370
370
370
370
370
372
372
372
372
374
374
374
374
374
374
374
374
374
374
374
374
374
374
374
374
374
374
374
376
376
376
378
378
378
378
378
378
378
378
378
378
378
378
378
378
378
378
380
380
380
380
380
382
382
382
382
382
382
382
382
382
384
384
384
384
384
386
386
386
386
386
386
387
388
388
388
388
388
388
388
388
388
388
388
388
388
389
388
388
388
388
388
388
388
388
388
388
388
387
387
387
387
387
387
387
387
387
387
387
391
392
392
392
392
392
398
398
398
398
398
398
398
398
398
398
398
398
398
398
398
399
399
399
399
400
400
400
400
400
400
400
400
400
400
400
400
401
401
401
401
402
402
402
402
403
403
403
403
403
403
403
403
403
403
403
403
403
403
403
403
403
403
403
404
404
404
404
404
404
404
404
404
404
404
404
404
404
404
404
404
404
405
405
405
405
405
405
405
405
405
405
405
405
405
405
405
405
405
405
405
405
405
405
404
405
405
406
406
406
407
407
407
408
408
408
408
411
411
412
412
412
412
412
412
412
412
412
412
412
412
412
415
415
415
416
416
416
416
417
417
417
420
420
420
420
420
420
420
420
420
420
420
420
420
420
420
420
420
421
421
422
422
422
422
422
422
422
422
422
422
422
422
422
422
422
422
422
422
422
422
422
422
422
423
423
422
422
422
422
422
422
422
422
422
422
421
421
421
421
421
421
421
421
421
421
421
422
422
422
422
422
422
422
422
422
422
422
422
422
422
422
422
422
423
423
424
424
424
424
424
424
424
424
424
424
424
424
424
424
424
424
424
424
424
424
425
425
425
425
425
425
426
426
426
426
427
428
428
428
428
428
427
427
427
427
427
427
427
427
427
427
427
427
428
428
428
428
428
428
428
428
428
428
429
429
429
429
429
429
429
429
430
430
430
430
430
430
430
430
430
430
430
430
430
430
430
430
429
429
429
429
429
429
430
430
430
430
430
430
430
430
430
430
430
430
430
430
430
431
431
432
432
432
432
432
432
433
433
433
433
433
433
433
433
433
433
433
433
433
433
433
434
434
434
434
434
435
435
435
436
436
436
436
436
436
436
436
436
436
437
437
437
438
439
439
440
440
440
440
440
440
440
440
442
443
444
444
444
444
445
445
445
446
446
446
446
446
447
447
447
447
447
447
447
447
447
447
447
447
447
448
448
448
448
448
448
449
450
450
451
451
451
453
453
453
453
453
453
453
453
453
453
453
454
454
455
455
455
455
455
455
455
455
455
455
455
455
455
455
455
455
455
455
455
455
455
455
455
454
454
454
455
455
455
455
455
455
455
455
455
455
455
455
455
455
455
455
455
455
456
456
456
456
456
456
456
456
457
458
458
458
458
458
459
459
459
459
459
459
459
459
461
461
462
462
462
463
463
463
463
463
463
463
463
463
463
463
466
466
466
466
466
466
466
466
466
466
466
466
466
