1457
1457
738
738
738
740
740
740
740
740
740
742
742
742
742
742
742
742
742
742
742
742
744
744
744
744
744
744
744
744
748
748
748
748
750
750
750
750
754
754
754
754
754
754
756
756
756
756
756
760
760
760
760
760
760
760
760
762
762
762
762
764
764
763
763
763
763
765
765
765
765
765
765
765
765
765
765
765
765
765
765
765
765
765
765
764
764
766
766
766
766
766
768
768
768
770
772
772
772
772
772
772
772
771
771
773
775
775
775
777
776
778
778
778
778
778
778
780
780
780
780
780
780
780
780
782
782
782
782
781
781
781
781
781
781
783
783
783
783
783
783
783
785
784
784
784
784
784
784
786
786
790
790
790
790
790
790
790
790
792
792
791
791
793
793
793
795
795
795
797
797
796
796
796
796
796
796
796
796
798
798
798
798
798
798
798
798
798
798
800
800
800
800
800
800
800
800
800
800
800
800
800
800
800
800
800
800
800
799
799
799
799
799
799
799
799
799
799
802
802
802
802
802
806
806
806
806
806
808
808
812
812
812
812
812
812
812
812
814
814
814
814
814
814
814
814
814
814
814
812
811
811
813
813
813
813
813
813
813
813
813
813
813
813
815
815
815
815
815
814
814
814
814
814
814
814
820
820
820
820
820
820
822
822
822
822
822
822
822
822
821
821
821
823
823
823
823
823
823
823
822
822
822
824
826
826
826
826
825
825
827
827
827
827
827
827
827
827
827
829
831
831
831
831
830
830
832
832
832
834
834
834
836
838
838
838
838
838
840
842
842
842
842
842
844
848
850
850
850
850
850
850
850
850
850
850
850
850
850
850
849
849
851
851
851
851
851
851
851
853
853
853
855
855
855
858
858
858
860
860
860
860
860
860
860
860
860
859
859
859
861
861
860
860
860
862
862
862
862
862
862
862
861
860
860
860
860
860
860
860
860
860
860
860
860
862
862
861
863
863
863
863
863
863
867
867
867
867
867
867
869
869
871
873
873
873
875
875
875
875
875
875
875
875
875
875
877
879
879
879
879
878
878
878
878
878
878
878
878
878
878
878
878
878
878
878
878
878
878
886
886
886
886
886
886
886
886
886
887
887
887
886
886
886
886
886
886
886
886
886
886
886
886
886
888
890
890
890
890
890
890
890
890
892
892
892
891
891
891
893
893
893
893
895
897
897
897
897
897
897
901
901
901
901
901
901
901
901
901
901
901
901
901
900
900
900
900
899
899
899
899
901
901
901
901
901
901
901
901
901
901
901
901
901
901
900
900
900
900
900
900
900
900
900
902
902
904
904
904
904
904
904
904
904
904
904
904
904
908
908
908
908
908
908
908
910
910
910
910
909
908
908
908
908
908
908
908
910
910
910
910
910
910
910
910
910
909
911
911
913
913
913
913
913
915
915
915
915
915
915
915
915
915
917
917
917
917
917
917
917
917
917
917
917
917
917
917
919
919
921
920
920
920
920
920
920
920
920
920
920
920
920
920
920
920
922
922
922
922
922
924
924
926
928
928
928
928
928
928
928
928
928
928
928
928
928
928
927
927
927
927
927
927
927
929
929
929
929
929
929
929
929
929
931
931
931
933
933
933
932
932
932
932
932
934
934
934
934
934
934
934
934
934
934
934
934
934
934
934
934
936
936
936
936
936
936
936
936
936
936
936
936
936
936
938
938
938
938
938
938
938
938
938
938
938
938
938
940
940
940
940
940
940
940
940
940
940
940
940
940
940
940
940
940
940
940
940
940
940
940
940
940
940
942
942
942
942
942
942
942
943
943
943
943
943
943
942
944
944
946
946
946
946
946
950
952
952
952
952
952
952
952
952
951
951
951
953
953
953
953
953
953
953
953
953
953
953
955
955
954
954
954
954
954
954
954
954
953
953
953
953
953
954
954
954
954
954
954
954
954
956
958
958
958
960
960
960
960
960
960
960
960
960
960
960
960
960
962
962
962
962
961
961
961
961
961
961
961
961
961
961
961
963
963
963
963
963
963
963
965
965
965
965
965
965
965
965
965
965
965
965
965
967
967
967
967
967
967
967
967
967
967
967
967
969
969
969
969
969
969
969
969
969
969
969
969
969
969
969
968
968
968
968
970
970
970
970
970
970
970
970
970
972
972
972
972
972
972
972
972
972
972
972
972
974
974
974
974
974
974
974
974
974
974
974
974
974
974
976
976
976
976
976
976
976
976
976
976
976
976
979
979
979
979
979
983
983
983
983
983
985
985
985
985
987
989
989
989
989
989
989
989
989
989
989
989
989
989
993
995
995
995
997
997
997
997
997
999
999
999
1001
1003
1003
1003
1003
1005
1005
1005
1009
1009
1009
1009
1011
1011
1011
1011
1013
1013
1013
1015
1019
1019
1019
1021
1021
1023
1023
1023
1022
1022
1022
1022
1022
1022
1022
1022
1022
1022
1022
1022
1022
1026
1026
1026
1026
1028
1028
1028
1030
1032
1032
1032
1031
1031
1031
1031
1031
1031
1031
1031
1031
1033
1033
1039
1039
1039
1039
1039
1039
1039
1043
1047
1047
1047
1047
1049
1049
1049
1049
1049
1053
1057
1059
1059
1060
1060
1060
1060
1064
1064
1064
1064
1064
1064
1064
1064
1064
1064
1064
1064
1064
1063
1063
1063
1063
1063
1063
1063
1063
1063
1063
1063
1063
1063
1063
1063
1063
1071
1071
1071
1075
1075
1075
1075
1075
1075
1079
1079
1079
1079
1079
1079
1079
1079
1079
1083
1083
1083
1095
1095
1095
1095
1095
1099
1099
1099
1099
1099
1099
1099
1099
1099
1099
1099
1099
1099
1099
1099
1099
1099
1103
1103
1111
1111
1111
1111
1115
1115
1115
1119
1119
1119
1119
1119
1119
1135
1139
1143
1143
1142
1142
1142
1142
1142
1142
1142
1146
1149
1149
1149
1149
1148
1152
1156
1156
1156
1156
1156
1156
1156
1159
1159
1159
1159
1159
1159
1159
1158
1158
1158
1162
1162
1166
1166
1166
1166
1166
1166
1166
1166
1166
1166
1169
1169
1169
1173
1173
1173
1173
1173
1173
1173
1173
1173
1173
1177
1177
1177
1177
1177
1177
1177
1181
1181
1181
1181
1181
1180
1180
1180
1180
1180
1180
1180
1184
1188
1192
1192
1192
1192
1196
1196
1196
1196
1196
1196
1196
1196
1196
1196
1196
1196
1196
1196
1196
1196
1196
1196
1200
1200
1204
1204
1204
1204
1204
1204
1204
1204
1204
1204
1208
1208
1216
1224
1224
1224
1224
1224
1224
1228
1228
1228
1228
1228
1232
1232
1232
1232
1232
1232
1232
1232
1231
1231
1231
1230
1230
1230
1230
1234
1234
1234
1234
1234
1234
1234
1234
1234
1233
1233
1233
1233
1237
1237
1237
1241
1241
1241
1241
1241
1241
1241
1241
1245
1245
1245
1245
1245
1245
1249
1249
1252
1256
1256
1260
1260
1260
1260
1264
1264
1263
1263
1263
1263
1267
1267
1267
1266
1266
1266
1270
1270
1274
1274
1278
1278
1282
1294
1294
1294
1294
1294
1294
1298
1298
1298
1298
1298
1298
1298
1298
1298
1298
1298
1298
1298
1298
1298
1298
1298
1298
1298
1298
1298
1298
1298
1298
1298
1298
1298
1298
1298
1298
1298
1298
1297
1297
1297
1296
1296
1296
1295
1295
1295
1295
1295
1295
1295
1294
1294
1294
1294
1294
1294
1294
1298
1298
1298
1298
1298
1298
1298
1298
1298
1298
1298
1298
1298
1298
1298
1298
1298
1298
1298
1298
1298
1302
1302
1302
1302
1306
1306
1306
1306
1306
1306
1310
1310
1309
1309
1308
1308
1308
1308
1308
1308
1308
1308
1312
1312
1312
1328
1328
1328
1328
1328
1328
1328
1328
1328
1328
1332
1332
1332
1332
1332
1332
1336
1336
1336
1340
1340
1340
1340
1344
1344
1344
1344
1344
1344
1344
1344
1348
1348
1348
1348
1348
1348
1348
1348
1348
1348
1348
1348
1348
1348
1352
1352
1351
1351
1351
1351
1351
1363
1363
1365
1365
1365
1365
1365
1365
1365
1365
1365
1365
1365
1365
1365
1365
1365
1365
1365
1365
1365
1365
1365
1365
1365
1368
1368
1371
1371
1374
1374
1374
1374
1374
1374
1374
1377
1377
1377
1377
1377
1377
1377
1377
1377
1377
1380
1380
1380
1383
1383
1389
1392
1392
1392
1392
1392
1392
1392
1392
1392
1392
1392
1392
1392
1398
1398
1398
1398
1398
1398
1398
1398
1401
1401
1400
1403
1403
1403
1403
1403
1403
1403
1403
1403
1403
1403
1403
1403
1403
1403
1403
1406
1408
1408
1408
1408
1408
1408
1408
1408
1411
1411
1411
1411
1411
1411
1411
1411
1410
1410
1410
1410
1410
1410
1410
1410
1410
1413
1413
1413
1413
1413
1413
1413
1419
1419
1425
1425
1425
1425
1428
1428
1428
1427
1427
1427
1427
1427
1427
1430
1433
1433
1433
1432
1432
1432
1435
1435
1438
1438
1441
1441
1441
1444
1444
1444
1444
1444
1444
1444
1444
1444
1444
1450
1450
1450
1450
1453
1453
1453
1453
1453
1456
1456
1456
1456
1456
1459
1459
1459
1459
1459
1459
1462
1462
1462
1462
1462
1462
1461
1461
1461
1461
1461
1461
1460
1460
1460
1460
1460
1460
1460
1462
1462
1462
1462
1462
1462
1462
1462
1462
1462
1462
1462
1462
1462
1462
1468
1468
1468
1468
1468
1467
1467
1467
1467
1467
1467
1467
1470
1470
1470
1470
1470
1470
1470
1473
1473
1473
1473
1473
1473
1473
1473
1473
1473
1476
1476
1476
1476
1476
1476
1476
1476
1476
1475
1478
1478
1478
1478
1481
1481
1481
1481
1481
1487
1487
1487
1490
1493
1493
1493
1493
1493
1493
1493
1493
1496
1499
1499
1502
1502
1502
1502
1505
1505
1505
1505
1505
1508
1508
1508
1511
1511
1511
1511
1514
1514
1514
1514
1520
1519
1519
1519
1519
1522
1522
1522
1522
1522
1522
1522
1522
1522
1524
1524
1524
1524
1524
1526
1526
1526
1526
1526
1526
1526
1526
1526
1526
1526
1526
1526
1526
1526
1526
1526
1526
1526
1526
1525
1525
1525
1525
1525
1525
1529
1529
1529
1529
1529
1529
1529
1529
1529
1529
1529
1528
1530
1530
1530
1530
1532
1532
1532
1532
1532
1532
1532
1532
1532
1532
1534
1534
1534
1534
1534
1534
1538
1540
1540
1540
1540
1540
1540
1540
1540
1540
1540
1540
1540
1540
1540
1540
1540
1542
1542
1542
1541
1541
1540
1540
1542
1542
1544
1544
1548
1548
1548
1548
1548
1550
1550
1550
1552
1552
1552
1554
1554
1554
1553
1553
1553
1553
1553
1553
1553
1553
1555
1555
1555
1557
1559
1559
1559
1559
1561
1561
1561
1561
1561
1561
1561
1561
1561
1561
1561
1561
1561
1563
1563
1565
1565
1567
1567
1567
1566
1566
1566
1566
1566
1566
1566
1566
1566
1566
1566
1565
1565
1565
1567
1567
1567
1567
1566
1566
1566
1566
1566
1566
1566
1565
1565
1565
1565
1567
1569
1569
1569
1569
1571
1573
1573
1573
1573
1573
1574
1574
1576
1576
1576
1576
1576
1576
1576
1576
1576
1576
1576
1576
1576
1576
1576
1576
1576
1576
1576
1576
1576
1576
1578
1578
1578
1578
1578
1580
1580
1582
1582
1582
1582
1582
1583
1587
1587
1587
1587
1587
1587
1589
1589
1589
1589
1589
1589
1591
1591
1591
1590
1590
1590
1590
1594
1594
1594
1594
1594
1594
1593
1593
1593
1595
1595
1595
1597
1597
1597
1597
1597
1597
1597
1597
1598
1598
1598
1598
1598
1598
1600
1600
1600
1600
1600
1600
1600
1600
1602
1602
1602
1602
1602
1602
1602
1604
1606
1606
1606
1606
1610
1612
1614
1614
1614
1614
1614
1614
1614
1614
1613
1615
1614
1614
1614
1614
1614
1614
1616
1616
1620
1622
1622
1622
1622
1622
1622
1622
1622
1621
1621
1621
1621
1621
1621
1621
1621
1621
1621
1623
1623
1623
1623
1623
1625
1625
1625
1625
1627
1627
1627
1627
1627
1626
1626
1626
1626
1628
1628
1628
1628
1628
1628
1628
1630
1630
1630
1632
1632
1632
1634
1634
1636
1636
1636
1636
1636
1638
1638
1638
1638
