1510
2
2
1
5
5
5
5
5
4
4
5
5
5
5
5
4
5
5
6
9
9
10
10
10
11
10
15
15
14
14
15
15
15
15
16
15
16
16
17
17
19
19
19
19
20
21
24
27
27
27
28
28
28
28
29
29
30
30
30
31
32
31
32
37
36
36
36
37
37
37
41
41
41
41
40
39
40
40
41
45
45
45
45
45
45
45
45
45
46
46
47
47
47
47
47
47
53
54
56
57
62
63
63
63
63
63
64
63
64
64
65
67
69
69
69
69
69
74
74
78
78
78
79
79
81
81
77
79
79
80
82
84
85
85
86
86
86
86
86
85
86
87
87
87
87
87
87
87
87
88
90
92
92
92
92
94
94
94
94
94
94
95
95
96
102
103
103
104
104
102
104
104
104
104
108
109
114
114
117
118
118
118
118
118
118
129
129
129
129
130
130
130
131
131
131
131
131
131
131
133
133
133
133
132
134
134
134
134
135
140
141
141
141
142
143
143
142
142
142
146
147
148
148
148
150
150
150
151
150
151
154
156
157
158
158
158
159
159
160
161
161
163
164
165
168
168
168
168
169
171
171
172
176
176
176
178
178
179
179
178
179
180
180
181
181
183
183
183
183
183
184
187
187
188
188
191
191
191
190
190
190
191
191
194
195
194
194
194
194
196
199
201
204
206
206
207
208
209
211
212
212
213
214
214
214
215
215
217
217
217
219
221
221
221
221
221
222
223
223
223
223
222
222
223
223
223
223
223
224
224
224
225
226
226
227
228
228
228
229
229
229
230
231
234
234
236
237
238
239
239
241
241
241
242
242
242
242
242
242
242
242
243
244
244
244
247
247
248
254
255
255
255
257
257
257
257
256
256
256
259
259
259
259
260
260
263
264
264
264
264
264
265
265
265
266
266
266
267
269
271
271
271
274
274
276
276
281
282
281
281
282
283
285
286
287
287
287
287
288
288
289
288
290
290
290
290
293
294
294
297
297
297
301
304
305
306
306
306
306
307
307
310
309
309
309
314
314
315
315
316
317
317
317
318
319
319
320
321
321
321
329
329
331
331
331
331
333
333
333
334
334
334
334
334
335
337
337
339
339
340
339
339
339
340
340
340
340
340
342
342
342
342
343
343
342
343
343
343
343
343
344
344
344
345
345
346
345
345
347
348
349
349
350
350
352
352
355
360
361
362
363
365
365
364
364
367
368
368
368
368
368
369
370
369
369
372
372
373
374
373
373
373
373
375
379
379
379
380
384
386
386
386
386
386
388
388
388
390
391
390
390
390
390
390
390
392
395
395
395
396
399
399
399
399
399
400
400
402
402
404
405
405
404
406
405
404
405
407
407
408
409
409
410
409
408
408
409
411
412
412
412
414
417
417
417
417
418
417
417
417
419
419
420
422
422
422
422
422
424
424
424
424
424
424
425
425
425
426
427
429
429
429
429
432
432
431
432
435
437
437
437
438
439
439
441
442
442
442
442
442
445
445
449
451
451
451
451
452
452
453
456
456
455
455
455
455
455
455
457
457
457
457
459
462
467
467
467
467
469
472
472
472
470
470
474
474
479
479
479
479
479
480
482
483
484
486
486
492
492
492
494
495
496
498
498
498
498
498
498
498
496
496
497
500
501
503
505
509
510
510
509
513
514
515
515
516
516
516
516
517
517
517
518
519
519
519
519
521
521
524
525
527
527
529
530
532
532
532
533
535
535
536
538
538
541
543
543
543
544
544
545
545
549
549
549
549
550
550
550
551
551
552
552
552
551
551
552
552
554
556
556
557
557
557
557
557
558
557
557
557
557
556
556
556
556
557
558
557
557
558
560
561
561
561
562
562
562
562
561
564
563
564
564
564
564
565
567
569
571
571
571
572
575
578
581
583
585
585
584
590
597
597
598
597
598
598
599
600
602
602
602
603
604
604
605
605
605
605
605
605
605
605
605
610
611
611
615
615
614
616
616
618
617
618
618
620
625
627
628
629
630
630
630
630
632
633
633
634
635
636
637
639
639
641
641
642
642
643
643
643
644
645
647
647
647
647
647
647
648
649
649
649
650
653
654
655
656
656
656
658
659
659
659
659
659
658
658
660
660
663
663
662
662
662
662
662
661
661
660
662
662
663
663
663
663
663
663
663
664
667
668
668
668
671
671
672
672
672
674
675
677
679
679
680
682
682
682
682
682
682
687
687
687
688
689
694
693
694
695
700
700
701
702
702
705
708
708
709
709
709
710
710
710
712
712
712
712
712
714
714
714
713
713
714
715
715
717
717
720
720
721
721
721
721
721
721
721
722
721
725
726
728
728
728
728
728
728
728
727
727
727
728
727
727
728
728
729
729
732
740
740
742
742
745
749
749
749
750
750
751
753
753
753
753
754
756
757
757
757
759
761
761
761
761
761
761
762
762
765
766
766
766
766
767
770
770
770
772
772
773
773
776
778
778
778
778
779
779
779
779
779
780
780
781
781
781
781
782
782
782
782
783
783
783
784
786
788
789
789
789
790
790
790
790
790
789
789
794
795
797
797
797
797
797
797
800
801
802
802
804
804
804
804
805
805
805
807
807
807
808
808
808
809
810
810
811
812
811
812
812
812
812
814
814
815
817
819
819
819
818
819
820
820
821
822
823
825
825
825
827
827
828
828
828
829
830
830
830
831
831
831
831
833
834
834
834
834
834
834
835
835
836
836
838
838
838
838
838
838
839
839
841
841
842
842
843
846
847
851
852
853
853
854
855
855
855
857
858
858
858
858
858
858
860
863
864
864
864
864
864
864
866
868
869
869
869
869
870
871
873
873
874
874
874
875
876
876
876
876
876
881
881
884
884
884
884
884
884
884
884
885
885
886
886
888
891
891
891
892
892
892
892
892
892
893
893
894
894
894
894
893
893
894
893
893
896
897
897
902
903
902
907
907
910
910
911
912
912
912
912
912
912
912
912
912
913
913
913
914
914
915
916
917
917
917
918
919
919
920
919
926
925
926
928
928
928
928
928
930
930
930
930
931
932
932
934
934
934
934
933
935
935
936
935
935
935
935
935
935
935
935
935
935
936
936
937
938
938
942
942
942
942
942
942
942
944
944
944
946
946
947
948
948
950
950
953
953
954
954
956
957
958
957
957
958
958
958
959
960
961
962
962
963
964
964
963
963
963
962
963
964
963
967
968
968
969
969
969
969
969
970
970
971
971
971
971
972
974
974
974
973
973
973
974
974
974
974
974
976
978
978
978
979
979
979
983
983
984
984
984
984
986
988
988
988
987
987
987
989
989
990
990
989
989
989
989
989
993
993
993
993
996
997
998
998
998
998
998
999
1000
1002
1010
1012
1012
1014
1019
1019
1019
1019
1019
1020
1020
1020
1022
1022
1022
1022
1027
1027
1027
1027
1027
1027
1031
1032
1034
1034
1034
1034
1034
1035
1035
1036
1036
1036
1036
1036
1037
1038
1040
1043
1043
1043
1043
1043
1044
1044
1045
1045
1045
1045
1048
1048
1048
1050
1050
1053
1053
1054
1054
1055
1057
1060
1059
1064
1064
1065
1065
1065
1065
1064
1066
1066
1066
1067
1068
1069
1072
1072
1072
1072
1074
1074
1073
1073
1073
1074
1074
1074
1075
1075
1075
1076
1075
1077
1077
1077
1077
1078
1078
1078
1078
1078
1080
1079
1080
1080
1081
1081
1082
1083
1083
1083
1084
1084
1086
1087
1089
1089
1089
1089
1089
1089
1089
1091
1091
1093
1093
1093
1093
1094
1094
1094
1094
1094
1094
1094
1094
1095
1095
1095
1095
1095
1098
1099
1099
1099
1103
1103
1103
1103
1104
1109
1108
1108
1110
1110
1109
1115
1115
1115
1115
1115
1117
1118
1120
1119
1119
1119
1120
1121
1122
1126
1128
1129
1130
1129
1132
1135
1137
1137
1138
1140
1140
1141
1141
1143
1143
1143
1144
1145
1148
1148
1148
1149
1150
1150
1150
1154
1155
1158
1158
1159
1160
1160
1160
1160
1161
1162
1161
1161
1162
1163
1163
1163
1163
1164
1165
1165
1166
1167
1167
1168
1168
1168
1167
1167
1167
1167
1167
1167
1169
1170
1171
1171
1176
1176
1176
1176
1177
1177
1177
1179
1180
1180
1181
1181
1181
1181
1181
1182
1182
1186
1186
1186
1186
1186
1186
1187
1187
1188
1190
1190
1190
1190
1191
1191
1193
1193
1193
1193
1195
1195
1195
1195
1195
1198
1201
1203
1206
1206
1206
1207
1208
1209
1210
1210
1212
1212
1212
1212
1215
1215
1217
1217
1218
1218
1219
1219
1222
1222
1222
1222
1222
1222
1222
1224
1223
1224
1225
1225
1225
1225
1225
1225
1225
1225
1226
1227
1227
1229
1229
1231
1233
1233
1233
1233
1233
1233
1234
1235
1236
1237
1237
1237
1239
1238
1238
1239
1239
1239
1240
1240
1242
1242
1242
1243
1246
1247
1247
1247
1248
1248
1248
1248
1248
1248
1248
1248
1248
1249
1249
1251
1251
1251
1252
1253
1254
1255
1256
1256
1256
1256
1257
1258
1258
1259
1259
1261
1261
1261
1261
1262
1262
1262
1262
1262
1262
1267
1269
1269
1269
1269
1269
1271
1272
1272
1275
1275
1275
1276
1276
1278
1279
1279
1279
1280
1280
1281
1282
1283
1283
1285
1287
1291
1292
1292
1293
1293
1294
1294
1294
1294
1294
1294
1296
1296
1296
1296
1296
1296
1297
1298
1298
1298
1298
1299
1299
1300
1301
1301
1304
1304
1304
1304
1305
1305
1306
1306
1307
1308
1308
1309
1309
1313
1315
1315
1315
1319
1321
1321
1321
1325
1327
1327
1328
1328
1328
1328
1329
1331
1331
1331
1331
1331
1331
1331
1331
1331
1331
1332
1332
1332
1332
1334
1336
1337
1338
1338
1343
1346
1348
1349
1349
1350
1351
1351
1351
1353
1354
1355
1356
1355
1355
1355
1354
1354
1355
1357
1357
1358
1357
1359
1359
1359
1359
1359
1359
1359
1359
1359
1359
1359
1358
1357
1358
1358
1358
1358
1361
1361
1361
1363
1363
1365
1366
1366
1368
1368
1368
1370
1372
1375
1376
1376
1376
1376
1376
1376
1376
1377
1378
1379
1382
1382
1382
1382
1386
1386
1386
1389
1392
1392
1392
1392
1393
1393
1394
1394
1396
1396
1396
1396
1396
1397
1398
1398
1398
1398
1399
1402
1402
1402
1404
1406
1406
1406
1406
1406
1405
1406
1406
1406
1406
1408
1408
1410
1411
1411
1411
1413
1412
1412
1414
1414
1415
1415
1415
1417
1417
1417
1417
1416
1416
1415
1417
1420
1420
1422
1426
1426
1426
1427
1427
1427
1427
1428
1428
1428
1428
1426
1428
1430
1430
1431
1432
1432
1431
1431
1431
1431
1431
1436
1436
1436
1436
1439
1439
1441
1441
1441
1441
1441
1441
1442
1442
1445
1447
1448
1449
1451
1452
1454
1454
1456
1457
1457
1456
1456
1456
1456
1456
1456
1457
1457
1457
1457
1458
1459
1459
1459
1459
1459
1459
1459
1459
1460
1461
1461
1462
1462
1464
1464
1467
1468
1469
1469
1470
1470
1473
1474
1474
1474
1474
1474
1475
1475
1475
1476
1476
1477
1478
1482
1482
1483
1483
1483
1484
1483
1483
1484
1485
1485
1486
1488
1488
1488
1488
1488
1488
1488
1488
1489
1490
1496
1496
1496
1495
1498
1498
1498
1500
1501
1502
1503
1504
1504
1504
1505
1508
1509
1509
1509
1509
1509
1509
1509
1512
1511
1514
1514
1514
1514
1514
1514
1514
1514
1515
1515
1520
1521
1522
1522
1522
1523
1523
1523
1523
1523
1523
1523
1523
1524
1524
1524
1523
1523
1523
1523
1523
1523
