0
0
2
1
1
1
2
2
4
4
4
4
3
3
3
2
2
2
2
1
2
1
2
1
1
1
1
1
1
1
3
3
3
3
2
2
2
2
2
2
2
7
7
8
8
7
7
7
6
5
6
6
6
9
9
9
9
9
9
10
10
10
10
10
11
11
11
11
11
11
13
13
13
13
13
13
14
14
14
14
15
14
14
14
14
14
14
14
14
14
17
17
17
18
17
17
17
17
17
17
17
17
17
17
17
19
19
19
19
19
19
19
20
20
20
20
20
19
19
19
19
21
21
20
20
22
23
23
23
24
24
24
25
25
25
25
26
26
26
26
26
26
26
26
27
27
27
28
27
27
27
31
31
31
31
31
31
31
31
30
30
30
30
30
30
30
30
30
30
30
30
30
30
30
30
30
31
31
31
31
31
31
31
31
32
32
32
32
32
34
35
35
35
35
36
36
36
36
36
36
36
36
36
35
35
35
35
35
38
37
37
37
39
38
38
38
38
37
37
37
42
42
42
42
42
42
42
42
43
43
43
44
44
44
44
44
44
44
44
44
44
44
44
44
44
44
44
46
46
46
46
47
49
49
49
49
49
49
49
48
48
48
48
48
48
48
48
48
51
51
51
51
51
51
51
53
53
53
55
56
56
54
54
54
54
54
58
58
59
58
59
59
60
60
61
65
65
65
66
66
66
66
66
66
66
66
66
66
66
66
65
65
67
67
67
67
70
70
70
70
70
70
70
70
74
74
74
75
75
75
74
74
74
75
75
74
74
74
74
74
74
74
75
75
76
78
77
77
77
77
76
76
77
78
78
78
78
78
78
78
78
78
78
78
78
78
79
79
79
79
79
79
79
80
80
81
81
82
82
83
83
84
84
86
88
88
88
88
88
88
88
88
89
91
91
91
91
90
90
90
90
90
90
90
90
90
90
90
90
90
90
90
90
91
90
90
90
90
90
91
91
91
91
91
91
91
92
92
92
93
95
95
95
96
96
99
102
102
103
104
104
104
103
103
103
103
103
103
103
103
103
103
103
103
103
104
104
105
106
108
108
108
108
108
108
107
107
106
110
110
110
110
110
110
111
111
111
111
110
110
110
111
111
114
114
114
114
114
114
114
114
114
116
116
116
116
116
117
117
117
117
117
118
122
122
122
122
122
121
121
121
121
121
121
124
124
124
124
124
124
124
124
124
124
125
125
125
125
125
125
125
127
127
128
128
131
131
132
132
132
133
133
132
132
132
133
133
133
133
133
133
134
134
135
135
139
139
139
139
140
145
144
144
144
144
144
144
144
144
144
144
144
144
144
147
146
146
149
149
149
149
149
149
149
149
150
150
150
150
151
151
151
153
153
156
157
157
158
158
158
161
162
162
162
163
162
162
163
162
163
163
163
163
164
164
163
163
163
163
163
164
163
164
164
164
163
163
163
163
164
164
164
164
164
164
165
165
167
167
167
167
167
167
167
167
166
166
166
166
166
167
167
167
167
167
167
168
167
167
167
167
169
169
169
171
171
171
171
171
171
172
172
171
170
170
170
171
171
171
171
171
171
171
171
171
171
171
171
171
171
173
173
173
173
173
174
175
177
177
177
177
181
181
182
182
182
182
182
182
182
182
182
184
184
184
187
188
188
188
189
189
189
190
192
192
191
192
192
191
191
191
191
194
194
194
196
196
197
198
198
198
198
198
198
198
199
199
198
201
201
201
201
201
202
202
202
204
204
203
205
205
205
205
205
205
205
205
205
205
205
205
205
205
205
207
207
209
209
209
209
211
211
211
213
213
213
213
213
213
214
214
218
218
221
221
221
219
219
219
219
219
219
219
221
221
219
219
220
220
220
224
224
224
224
223
223
223
223
223
223
223
223
223
223
223
224
224
224
225
224
224
224
224
224
224
224
224
224
224
226
227
227
228
228
228
227
226
226
226
226
225
226
227
227
226
226
226
226
226
226
226
226
227
230
231
230
230
230
230
232
232
233
234
234
234
234
234
234
234
234
234
234
234
234
236
234
233
233
234
234
234
234
234
234
235
233
233
233
233
233
233
232
232
234
234
234
234
234
234
234
234
234
234
238
237
237
237
237
237
237
237
237
238
239
239
239
239
239
239
239
238
238
238
238
237
238
238
238
238
237
237
237
237
237
237
237
237
237
237
237
237
237
237
237
237
237
237
237
237
237
237
237
237
237
237
237
237
239
239
239
239
241
241
241
241
241
241
241
241
241
242
242
242
242
242
243
243
243
243
243
242
242
242
242
242
242
243
244
244
244
245
245
245
245
246
246
251
251
251
251
250
251
251
251
251
252
252
252
252
253
253
253
256
256
256
256
256
256
256
256
256
256
258
261
267
271
271
274
274
274
274
274
277
281
281
283
285
289
289
290
294
294
296
296
299
299
300
300
300
303
303
303
303
303
304
304
305
305
312
315
318
318
318
320
321
324
336
336
340
340
344
344
347
354
356
357
358
358
358
357
357
357
357
360
360
360
361
361
364
364
365
366
367
368
368
368
369
371
373
372
372
372
372
372
372
373
373
377
378
378
380
385
387
387
391
394
397
397
402
404
404
406
406
406
406
406
408
409
409
409
409
409
412
412
415
415
416
416
416
415
415
415
418
418
418
418
418
418
423
423
426
427
427
427
427
430
430
433
435
438
438
447
453
453
453
453
453
453
456
456
456
457
457
457
458
458
458
459
459
459
459
459
459
459
460
461
461
465
465
465
465
466
468
468
468
470
470
470
471
471
472
472
472
472
472
474
474
473
473
474
474
477
478
479
479
479
479
479
482
484
486
485
488
488
488
488
488
491
491
491
491
491
492
492
492
492
492
492
493
493
495
496
496
496
496
500
500
500
500
501
501
500
500
502
502
502
502
504
504
504
504
505
505
505
505
505
505
505
505
505
507
508
508
509
509
508
508
508
508
508
508
508
507
507
507
508
508
508
