2
4
8
8
8
8
8
8
8
8
8
8
10
12
12
12
12
12
12
12
12
16
16
16
16
16
18
20
20
20
22
24
26
26
26
26
26
26
26
26
28
28
30
30
32
32
32
36
36
42
42
42
42
42
44
44
44
44
46
46
46
46
46
46
46
46
46
46
46
46
46
46
46
46
54
54
60
60
60
62
64
64
66
70
72
72
72
74
74
74
76
76
76
76
76
82
82
82
82
82
84
84
84
84
84
84
84
84
84
86
92
92
92
92
92
92
98
100
102
106
106
106
108
108
108
108
108
108
113
115
115
115
117
119
119
119
119
119
119
119
119
119
119
119
119
119
119
121
123
123
125
125
125
125
127
127
127
127
128
128
132
132
132
132
132
134
134
136
136
136
136
136
136
138
138
140
140
142
142
144
148
148
148
148
148
148
150
152
158
160
160
160
164
164
164
166
170
170
170
172
172
172
172
172
172
172
172
176
176
178
178
178
178
178
178
180
180
180
180
180
180
180
180
180
184
186
186
188
190
190
190
190
190
189
189
189
189
189
191
191
191
191
191
191
192
192
192
192
193
193
193
193
193
193
193
193
193
193
193
193
195
195
196
196
196
196
196
196
196
198
198
198
198
198
198
198
198
198
199
199
199
199
199
199
199
199
199
199
199
200
200
200
200
200
200
200
200
200
201
201
201
201
201
201
202
202
202
202
202
202
202
202
202
202
202
202
202
202
203
203
203
203
204
204
204
205
205
208
208
208
208
208
208
208
208
208
208
208
208
208
208
209
209
209
209
209
210
210
210
210
211
211
212
213
213
214
215
217
217
217
219
219
219
219
219
219
221
222
222
223
223
223
223
226
226
227
228
228
228
229
230
232
234
234
235
235
235
235
235
235
235
234
236
237
238
238
238
238
238
238
240
240
240
240
240
241
241
241
241
244
244
244
244
247
247
247
247
247
247
247
248
248
248
248
248
248
251
251
251
253
253
254
254
254
255
255
255
255
255
256
256
256
258
258
258
259
259
261
262
263
263
263
264
264
265
265
265
265
265
265
267
267
268
269
270
270
270
270
270
270
270
270
271
271
270
270
271
271
272
272
272
272
273
274
274
274
274
277
277
277
277
277
277
278
279
279
279
279
279
280
280
280
280
281
281
281
282
282
282
282
282
283
284
286
286
286
286
286
287
288
288
288
289
289
289
289
289
289
291
291
292
292
292
292
294
294
294
297
297
297
297
297
297
297
297
298
298
298
298
298
299
300
302
302
303
304
304
304
304
304
304
304
304
304
305
305
305
305
308
308
309
310
310
310
310
310
310
310
311
312
312
312
313
313
313
313
313
313
313
315
315
315
315
315
315
315
316
318
318
318
320
320
320
320
322
322
322
322
322
322
323
323
323
323
323
323
323
323
323
324
324
324
324
329
329
329
330
330
330
330
331
331
332
332
333
333
333
334
334
334
336
336
337
337
337
337
337
337
337
337
338
339
339
339
339
340
340
341
342
342
343
344
344
345
345
345
345
345
345
346
346
346
348
348
348
349
350
351
351
351
351
351
351
351
351
353
355
355
355
357
358
360
360
362
364
364
364
365
367
367
369
369
370
370
370
372
374
374
374
374
375
376
379
379
380
381
383
385
385
386
386
386
386
386
386
387
387
387
388
388
388
388
388
389
391
391
391
391
392
392
393
393
393
394
394
395
395
396
396
396
396
399
399
399
400
400
403
403
404
404
404
406
406
406
408
408
408
409
409
409
409
411
411
411
411
412
412
412
412
412
412
412
412
412
412
412
412
412
412
413
414
414
414
414
415
415
415
416
416
416
416
416
416
416
416
416
416
417
417
417
419
419
420
421
422
422
424
424
425
427
427
428
428
428
428
428
428
428
429
429
429
429
429
431
431
431
431
432
432
434
434
434
434
435
435
435
436
436
436
437
437
437
437
437
438
438
440
441
441
441
444
444
444
445
445
445
445
448
448
448
448
449
449
449
449
449
450
450
450
450
450
450
451
451
451
451
454
455
455
455
456
456
456
456
456
456
456
455
455
455
456
456
456
456
455
459
461
461
461
462
463
464
464
465
465
467
467
468
468
468
469
469
469
469
472
472
472
472
472
472
472
472
472
472
473
473
473
473
473
473
475
475
477
477
477
477
477
477
477
477
477
477
479
479
481
481
481
481
482
481
481
481
481
481
481
481
481
483
483
483
483
483
483
483
483
483
483
483
483
483
483
483
483
484
485
485
487
487
487
487
487
487
489
490
490
491
492
492
492
492
492
493
493
493
493
493
493
495
496
496
497
497
496
496
496
496
496
496
496
496
497
499
501
501
502
502
502
502
502
502
502
502
502
502
502
502
503
503
504
504
504
504
504
504
504
504
504
504
504
504
504
505
505
505
506
506
507
507
507
508
508
508
508
508
509
509
509
509
510
510
510
510
510
510
511
512
514
514
515
515
517
518
518
522
522
522
523
523
523
524
524
524
524
524
524
526
526
526
526
526
526
530
531
532
533
533
533
533
534
535
536
536
536
536
536
537
537
537
537
537
537
537
537
539
539
539
539
539
540
541
541
541
541
541
541
541
541
541
542
543
544
544
544
544
544
544
544
544
546
546
547
548
548
548
548
548
549
549
551
551
552
552
552
553
553
554
554
554
554
554
554
554
554
554
555
555
555
555
555
555
556
557
559
559
559
559
559
559
559
559
559
559
559
560
560
560
560
560
560
560
560
560
560
560
560
560
560
560
560
560
560
560
560
560
560
560
560
560
560
560
560
560
560
560
560
561
561
561
561
561
561
561
561
561
561
561
561
561
561
561
561
561
561
562
563
563
563
563
563
563
563
563
563
563
563
563
563
563
563
563
564
565
565
565
565
565
565
565
565
565
565
565
565
565
565
565
565
565
565
565
565
565
566
566
566
566
566
566
566
566
566
566
566
566
566
566
566
566
566
566
566
566
566
566
566
566
566
567
567
567
567
567
567
567
567
567
567
567
567
567
570
570
570
570
570
571
571
571
571
571
571
571
572
572
572
572
572
572
572
572
572
572
572
572
572
573
573
573
573
573
573
573
573
573
573
573
573
573
573
573
573
573
573
573
573
573
573
573
573
573
573
573
573
573
573
573
573
573
573
573
573
573
573
573
573
573
573
573
573
573
573
573
573
573
573
573
573
573
573
573
573
573
573
573
573
573
573
573
573
573
574
574
574
574
574
574
574
574
574
575
575
575
575
575
575
575
575
575
575
575
576
576
576
578
578
578
578
578
578
578
578
578
578
578
578
578
578
578
578
578
579
579
579
579
579
579
579
579
580
580
580
580
580
580
580
580
580
580
581
581
581
581
581
581
582
582
582
582
583
583
583
583
583
583
583
583
585
585
585
585
585
585
585
585
585
585
585
585
585
585
585
585
585
585
585
585
585
585
585
586
586
586
586
586
586
586
586
586
586
585
585
585
585
585
585
585
585
587
587
587
587
587
587
587
587
587
587
587
588
588
588
588
588
588
589
589
589
590
590
590
590
590
590
590
590
590
590
590
590
590
591
591
591
591
591
591
592
592
592
592
592
592
592
592
592
593
594
594
594
594
596
596
596
597
597
597
597
597
597
599
599
599
599
599
599
599
599
599
599
599
599
599
599
599
599
599
599
599
599
599
599
599
599
599
599
598
598
599
600
600
600
600
600
600
601
601
601
601
601
601
601
601
601
602
602
602
602
602
602
602
602
602
602
602
602
602
602
602
602
602
602
602
602
603
603
605
605
605
605
605
605
605
605
605
605
605
605
605
605
605
605
605
605
605
605
605
605
605
605
605
605
605
605
605
605
605
605
605
608
608
608
608
608
609
609
609
609
612
612
612
612
612
615
615
615
615
615
615
615
615
615
615
615
615
615
615
615
615
615
615
615
615
615
615
615
615
615
615
615
615
615
615
615
616
616
616
616
616
616
616
616
616
616
616
617
618
618
618
618
618
619
619
619
619
619
619
619
619
619
619
619
619
619
619
619
619
619
619
619
619
619
619
619
619
619
619
619
619
619
619
619
621
621
621
621
621
621
621
621
621
621
621
621
621
621
621
622
622
622
622
622
622
622
622
622
622
624
624
624
624
624
624
624
624
624
624
624
624
625
625
626
626
626
626
627
627
627
627
627
627
627
627
627
627
627
627
627
627
627
627
627
627
627
627
627
628
628
628
628
628
628
628
629
629
628
628
628
628
628
628
629
629
629
629
629
629
629
629
629
629
629
629
629
630
630
630
630
631
631
631
631
631
631
631
631
631
631
631
631
633
633
633
633
633
633
633
633
633
633
634
634
634
634
634
634
634
634
634
634
634
634
634
634
634
634
634
634
634
634
634
634
634
634
634
634
635
635
635
635
635
635
635
635
635
635
637
637
637
637
637
637
637
637
637
638
638
638
638
639
639
639
639
639
639
639
639
639
639
639
639
639
639
639
639
639
639
639
639
639
639
639
639
640
640
640
640
640
640
640
640
640
640
640
640
640
640
641
641
641
641
641
641
642
642
642
642
643
643
643
643
643
643
643
643
643
643
643
643
643
643
643
643
643
643
643
643
643
643
643
643
643
643
643
643
643
643
643
643
643
643
643
644
644
644
644
644
644
644
645
645
645
645
645
646
646
647
647
647
647
647
647
647
647
647
647
647
647
647
647
647
647
647
649
649
649
649
649
649
649
650
650
650
650
650
650
651
651
651
651
651
651
651
651
651
651
652
652
652
652
652
652
654
654
654
654
654
654
654
654
654
654
655
655
655
654
654
654
655
655
655
655
655
655
655
656
656
656
656
656
656
656
656
657
657
657
656
656
656
656
656
656
656
656
656
656
656
656
656
657
658
658
658
658
658
658
658
657
657
657
657
657
657
657
657
657
657
658
658
658
658
658
658
658
658
658
658
659
659
659
659
659
659
660
661
661
661
661
661
661
661
661
661
661
661
661
661
661
661
661
661
661
661
661
661
661
661
661
661
661
661
661
661
662
662
662
662
662
662
662
662
662
662
662
662
662
662
662
661
661
661
661
661
661
661
661
661
661
661
661
661
662
662
663
663
664
664
664
665
665
665
666
666
666
666
666
666
666
666
667
667
668
668
669
669
669
669
669
669
669
669
669
669
669
669
669
669
669
669
669
669
669
669
669
669
669
669
669
669
669
669
669
670
670
670
670
670
670
670
670
670
670
670
670
671
671
671
671
671
671
671
671
671
672
672
672
672
672
672
672
673
673
673
673
673
673
673
673
673
673
673
673
673
673
673
674
674
674
674
674
675
675
675
675
675
675
675
675
675
675
675
675
675
675
675
675
675
675
675
676
676
676
676
676
676
676
676
676
677
678
678
678
678
678
678
678
678
678
678
678
678
678
678
678
678
678
678
678
678
678
678
678
678
677
677
677
677
677
677
677
677
677
677
677
677
677
676
676
676
676
678
678
678
678
678
678
678
678
678
678
678
678
678
678
679
679
680
680
680
680
680
680
680
680
680
680
680
680
680
680
680
680
680
680
680
680
680
680
680
680
680
680
680
680
680
680
680
680
680
681
681
681
681
682
682
682
683
683
683
683
682
682
682
682
682
682
682
682
682
682
682
682
682
682
682
682
682
682
682
682
682
683
683
683
683
684
684
684
685
685
685
685
685
685
685
685
685
685
685
685
685
685
685
685
685
685
685
685
685
685
685
685
685
685
685
685
686
686
686
686
686
686
686
686
686
686
686
686
686
686
686
686
686
686
686
686
686
686
686
686
686
686
686
686
686
686
686
687
687
687
687
687
687
687
687
687
687
687
687
687
687
687
687
687
687
687
687
687
688
689
689
689
689
689
689
689
689
689
689
689
689
689
689
689
689
690
690
690
690
690
690
691
691
691
691
691
691
691
691
691
691
691
692
693
693
693
693
693
693
693
693
692
692
692
692
693
693
693
694
694
694
694
694
694
694
694
694
694
694
694
694
694
694
694
694
694
694
694
695
694
694
694
694
695
695
696
696
696
696
696
696
696
696
696
696
696
696
696
696
696
696
696
696
696
696
696
696
696
696
696
696
696
697
697
698
698
698
699
699
699
699
699
699
699
699
699
699
699
699
699
699
700
700
700
700
700
700
700
700
700
700
700
700
700
700
700
700
700
700
700
700
700
700
700
700
700
700
700
700
700
700
700
700
700
700
700
700
700
700
700
700
700
700
700
700
700
700
700
700
700
700
700
700
700
700
701
701
701
701
702
702
702
702
702
702
702
702
702
702
703
704
704
704
704
704
704
704
704
704
704
704
704
704
704
704
704
704
704
704
704
704
704
704
704
704
703
703
703
703
703
703
703
703
703
703
703
703
703
703
703
703
703
703
703
703
703
703
703
703
703
703
703
703
703
703
703
703
703
703
703
703
703
703
703
703
703
703
703
703
703
703
703
703
703
704
704
704
704
704
704
704
704
704
704
704
704
703
703
703
703
703
703
703
703
703
703
703
703
703
703
703
703
703
703
703
703
703
703
704
705
705
705
705
705
705
705
705
705
705
705
705
705
705
705
705
705
705
705
705
704
704
704
704
704
704
704
704
704
704
704
704
705
705
706
707
707
707
707
708
708
708
708
709
711
711
711
712
712
712
712
712
712
712
712
712
712
712
712
712
712
712
712
712
712
712
712
712
712
712
712
712
