482
482
482
483
484
484
484
484
485
485
485
485
486
486
486
486
486
486
487
487
487
487
488
488
488
488
488
488
488
488
488
490
491
491
494
495
495
495
495
498
498
498
498
498
498
498
499
501
501
502
502
503
505
506
506
506
506
506
506
506
507
507
506
505
505
505
505
506
506
506
506
509
511
511
511
512
512
513
513
514
514
514
514
515
515
515
515
515
515
515
515
515
515
516
516
516
517
517
517
518
518
518
520
521
521
521
521
520
520
522
522
522
523
523
522
522
522
521
521
522
522
522
522
523
522
522
522
522
522
522
522
522
523
523
524
525
526
528
529
529
529
529
529
529
529
529
529
529
529
529
529
532
533
533
533
533
533
533
533
535
535
535
535
536
536
536
536
537
537
539
540
540
541
541
541
541
541
541
540
540
541
541
542
542
543
544
544
544
545
545
545
545
545
545
545
545
545
547
548
550
551
551
551
551
550
550
550
551
552
552
552
551
551
552
552
552
553
552
553
554
554
554
554
554
555
555
555
555
555
554
554
554
554
554
554
556
556
557
557
557
558
558
558
558
558
558
557
557
557
557
557
557
557
558
558
558
558
558
557
557
557
557
558
559
559
560
560
561
561
561
562
563
563
563
563
563
566
566
566
566
566
566
566
566
567
566
566
567
568
568
569
570
572
575
575
577
577
577
576
576
576
576
576
576
576
576
577
577
577
577
578
578
578
579
579
579
579
580
580
580
580
581
584
585
585
585
585
585
585
585
589
589
589
590
590
590
590
590
590
590
591
591
593
596
596
596
596
596
596
596
596
596
596
597
597
597
597
597
598
598
600
599
600
600
602
602
603
604
604
604
603
603
603
603
604
604
605
607
608
608
608
608
608
607
607
607
607
607
607
607
607
608
608
609
609
609
609
609
610
610
610
610
611
611
611
611
613
613
614
614
615
617
617
618
618
618
618
618
618
619
621
620
620
620
620
620
621
622
622
622
622
622
623
623
622
622
622
622
622
622
622
622
622
622
622
622
621
622
623
624
624
624
624
624
625
625
624
624
624
624
624
624
624
624
624
624
624
625
625
627
627
627
627
627
627
627
627
628
628
628
628
628
628
628
628
629
629
629
629
629
630
631
631
631
632
632
632
632
633
633
634
634
634
634
635
635
637
638
639
640
640
640
640
640
640
640
645
646
647
647
648
648
648
648
648
648
648
648
650
650
652
652
653
655
655
657
657
657
657
660
660
660
660
661
661
661
661
661
661
661
661
661
663
664
664
664
665
665
665
665
665
665
665
665
668
669
669
669
669
670
670
673
673
673
673
673
673
673
673
675
675
674
676
676
676
677
677
677
677
677
677
681
681
680
680
680
680
680
682
682
682
682
682
682
682
682
682
682
682
683
686
688
688
688
688
688
688
689
689
691
691
691
691
691
690
690
691
692
692
692
693
694
694
696
697
697
697
697
697
697
698
698
699
699
699
699
702
702
702
702
702
702
703
703
704
704
705
706
706
706
709
709
709
709
710
710
710
710
710
711
716
716
719
720
720
721
721
721
721
721
721
721
721
721
721
721
724
724
724
724
724
724
725
725
725
725
725
725
725
725
725
726
726
727
727
727
728
728
728
729
729
729
730
730
730
730
730
730
730
731
731
731
731
731
731
732
732
732
732
732
732
732
732
733
733
734
734
735
735
735
736
737
737
737
738
739
739
739
739
739
740
740
739
739
742
742
742
743
743
743
744
744
744
744
744
744
744
744
745
746
746
746
746
746
746
747
749
750
750
750
751
754
754
754
754
754
754
754
754
754
753
753
753
753
754
754
754
753
754
754
756
757
756
756
756
756
756
758
758
759
759
760
760
760
760
760
760
761
761
761
762
762
762
762
763
763
763
763
763
765
765
765
765
765
766
766
766
766
766
766
766
766
766
766
766
766
766
766
766
766
766
766
769
769
771
771
771
772
772
772
772
774
774
774
774
774
775
775
775
775
775
776
776
776
776
777
777
777
777
777
777
776
776
777
777
777
777
777
777
777
777
777
777
777
777
777
777
777
777
779
779
779
779
779
779
779
779
779
781
781
781
781
781
781
781
781
781
781
781
782
782
782
782
782
782
782
782
782
782
782
782
782
782
784
784
784
784
784
784
784
784
785
785
785
785
785
785
785
785
785
785
785
785
786
787
787
787
787
787
787
788
788
788
788
788
788
788
788
789
789
789
789
789
789
789
789
789
789
789
790
790
790
790
790
790
790
790
790
790
790
790
791
791
791
791
791
791
791
791
791
791
794
794
795
795
795
795
795
795
795
795
795
795
795
795
795
795
795
795
795
795
795
795
795
795
795
795
795
795
795
795
795
795
795
795
795
795
795
795
795
797
797
797
797
797
797
797
797
797
797
797
797
797
797
797
797
797
797
797
797
797
797
797
797
797
797
797
797
797
797
797
798
801
801
801
801
801
801
802
802
802
802
802
802
802
802
802
802
802
802
802
804
804
804
804
804
805
805
805
805
805
805
805
805
805
806
806
806
806
806
807
807
807
807
807
807
807
807
807
807
807
807
808
808
808
808
807
809
810
810
810
809
809
809
809
809
809
810
810
810
810
811
811
811
810
810
810
810
810
810
810
810
810
810
810
811
811
810
810
810
810
810
810
810
810
810
810
809
809
809
809
809
809
810
810
810
810
810
811
811
811
811
811
811
811
811
811
811
811
811
812
812
812
812
812
812
813
813
813
813
813
814
814
814
815
816
815
815
815
815
815
815
815
815
815
815
815
815
815
815
816
816
816
816
816
816
816
816
816
816
816
816
816
816
816
816
816
816
818
818
818
819
820
820
820
820
820
820
820
820
820
820
820
819
820
820
820
819
819
819
819
819
819
819
819
820
820
820
820
820
820
820
820
820
820
820
820
820
820
820
820
820
821
821
821
821
821
821
821
821
821
821
821
821
821
821
821
821
821
821
822
822
821
821
821
821
821
821
821
821
821
821
821
821
821
821
821
820
820
820
820
820
821
821
821
821
821
821
821
821
821
822
822
822
822
822
822
822
822
822
822
822
822
822
822
822
822
822
822
822
822
822
822
822
822
822
822
822
821
819
819
819
819
819
819
819
819
819
819
819
819
819
819
820
820
820
820
820
820
820
820
822
822
824
824
824
824
824
824
824
824
824
824
824
824
824
824
824
824
824
827
827
827
827
827
826
826
826
826
826
826
826
826
826
826
826
826
826
826
826
826
826
826
826
826
826
826
826
826
826
826
826
826
826
826
828
828
828
828
828
828
828
829
829
829
829
829
829
829
829
829
829
829
829
830
830
830
830
830
830
830
830
830
830
830
830
830
830
830
830
830
830
830
830
830
830
830
830
830
830
830
830
830
830
830
829
829
829
829
830
830
830
830
830
830
830
830
830
829
829
829
829
830
830
830
830
830
830
830
830
831
832
832
832
832
832
832
832
832
832
832
832
832
832
832
832
832
832
831
831
831
831
831
831
831
831
831
833
833
833
833
833
833
833
833
833
834
834
834
834
834
834
834
834
834
834
834
834
834
834
834
834
834
834
834
834
834
834
834
834
834
834
831
832
832
832
832
832
832
832
830
830
830
830
830
830
830
830
830
830
830
830
830
830
830
830
830
830
830
831
831
831
831
831
831
831
831
831
831
831
831
831
831
831
830
830
830
830
830
830
830
830
831
831
831
831
831
831
831
833
833
833
833
833
833
833
833
833
833
833
833
833
835
835
835
835
835
835
835
835
835
836
836
837
837
837
837
837
837
837
836
836
836
836
836
836
836
836
836
836
836
836
836
836
836
836
836
836
836
836
836
836
836
836
836
836
836
836
836
836
836
836
837
837
837
837
839
839
839
839
839
839
839
839
840
840
840
840
840
840
840
840
840
840
840
840
840
840
840
840
840
840
840
840
840
840
839
839
839
839
839
839
839
839
839
839
839
840
840
840
840
840
843
843
843
843
843
843
843
843
843
843
843
843
843
843
843
843
843
843
843
843
843
843
843
843
843
843
843
843
843
843
843
843
843
843
843
843
843
843
843
843
843
843
844
844
843
843
843
843
843
843
843
843
843
843
843
843
843
843
843
843
843
843
844
844
844
844
844
844
844
844
844
844
844
844
844
844
844
844
844
844
844
844
844
844
844
845
845
845
845
845
845
845
845
845
845
845
845
845
845
845
845
845
845
845
845
845
845
845
845
844
844
844
844
844
844
844
844
844
844
843
843
843
843
843
843
843
845
845
845
845
845
845
845
845
845
844
844
844
844
844
845
845
845
845
844
844
844
844
844
844
844
844
844
844
844
844
844
846
846
846
846
845
845
845
845
845
845
845
846
846
846
846
846
847
847
847
847
847
847
847
847
848
848
848
847
847
847
847
847
847
847
847
847
847
847
846
846
846
846
846
846
846
847
847
847
847
847
847
847
847
847
847
846
846
846
846
846
846
846
846
846
846
846
846
846
846
846
846
846
847
847
847
847
847
850
850
851
852
852
849
849
849
849
849
850
850
850
850
850
850
850
850
850
850
850
850
850
850
850
850
850
850
850
850
851
853
853
853
853
853
853
853
853
853
853
853
853
853
853
853
853
854
855
854
854
854
854
854
854
854
854
854
854
854
854
854
854
854
854
854
854
854
854
854
854
854
854
854
854
854
854
854
854
854
854
854
854
854
854
854
854
855
855
855
855
855
855
855
855
855
856
856
856
856
856
856
857
858
858
858
858
859
859
859
859
859
859
859
857
857
857
857
857
858
858
858
859
859
859
859
859
859
859
859
859
859
859
859
859
859
860
860
860
860
860
860
860
860
860
861
862
862
862
862
862
861
861
861
861
861
861
861
862
862
862
862
862
862
862
862
862
862
862
862
862
862
862
862
862
863
863
863
863
863
863
863
862
862
862
862
862
862
862
862
862
862
862
862
862
862
862
862
863
863
863
863
863
863
863
863
863
863
861
861
861
861
861
862
862
862
862
863
863
863
863
863
864
864
865
865
866
866
866
866
866
867
867
867
867
867
867
867
867
867
867
867
867
867
867
867
867
867
867
867
867
867
867
867
867
867
867
867
867
868
868
868
868
868
869
870
870
870
870
870
870
870
870
870
870
870
871
871
871
871
871
871
871
871
871
871
871
871
871
871
871
871
871
871
871
871
871
871
871
871
871
871
872
872
871
871
871
871
871
871
871
871
871
871
871
871
871
871
871
871
871
871
871
871
871
871
871
871
871
871
871
871
871
871
871
871
871
871
871
871
871
871
871
872
873
873
873
873
873
873
873
873
873
873
874
875
875
875
875
875
875
875
875
875
875
875
875
874
874
874
874
874
874
874
874
874
875
875
875
875
875
875
875
875
875
875
875
875
875
875
875
875
875
875
875
875
875
875
875
875
875
875
875
875
875
875
875
875
875
875
875
875
875
875
877
877
877
877
877
877
877
878
878
878
878
878
878
878
878
878
878
878
878
878
878
878
878
878
878
878
878
878
878
878
878
878
878
878
878
878
879
879
879
879
879
879
879
879
879
880
880
881
882
882
