0
0
0
0
0
3
3
3
3
3
3
3
3
3
3
3
3
3
3
3
2
1
1
4
4
4
4
4
7
7
7
10
10
10
10
10
10
12
12
12
12
12
15
15
15
15
15
15
15
15
15
15
15
15
15
15
15
15
15
15
15
15
15
15
15
15
15
15
15
15
15
24
24
24
24
24
24
24
24
24
24
24
24
24
27
27
27
27
27
30
30
30
30
33
33
33
33
33
33
33
33
33
33
33
36
36
36
36
36
36
36
36
36
36
36
36
36
36
36
39
39
39
39
39
39
39
39
39
39
39
39
39
39
39
39
39
42
42
42
42
42
42
42
42
42
42
42
42
42
42
42
42
42
42
42
42
42
45
45
45
48
48
48
48
48
48
48
48
48
48
48
48
48
48
48
48
48
48
48
48
48
48
48
48
48
48
48
48
48
48
48
48
48
48
48
48
48
48
48
48
48
48
51
51
51
51
51
51
51
51
51
51
51
51
51
51
51
51
51
51
51
54
57
57
57
57
57
57
57
57
63
63
63
63
63
63
63
63
63
63
63
63
63
66
66
66
66
66
66
66
66
66
66
66
66
66
66
66
66
66
66
66
66
66
66
69
72
72
72
72
72
72
72
72
72
72
72
72
72
72
72
72
72
72
72
72
75
75
75
75
75
75
75
75
75
75
75
75
75
75
75
75
75
75
75
81
81
81
81
81
81
81
80
80
80
80
80
80
80
80
80
80
80
80
80
83
83
83
83
83
83
83
83
83
89
95
95
98
101
101
101
101
104
104
110
110
113
113
113
116
119
119
118
118
118
118
118
118
118
118
118
118
118
118
118
118
118
118
118
118
118
118
118
118
118
118
118
118
118
118
118
124
127
127
127
127
127
127
127
130
130
130
130
130
133
136
136
136
136
136
136
136
136
136
136
136
136
136
139
139
139
139
139
139
139
139
139
139
145
145
145
145
145
145
145
145
145
145
145
145
145
145
151
151
151
151
151
151
151
151
151
151
150
150
150
150
153
153
153
153
153
153
156
156
156
156
156
156
156
156
156
156
156
156
156
156
156
156
156
156
156
156
156
156
155
155
155
155
155
155
155
155
158
158
158
158
161
161
161
161
161
161
161
161
161
161
161
161
161
167
167
167
167
167
170
170
170
170
170
170
170
170
170
170
170
170
170
170
170
170
170
170
170
173
176
176
176
176
176
176
176
176
176
176
176
176
176
176
179
179
179
179
179
179
179
179
179
179
179
182
182
182
182
185
185
185
185
185
185
185
185
185
185
185
185
185
185
185
185
185
185
185
185
185
185
185
185
185
185
185
185
185
185
186
186
186
186
186
186
186
186
186
186
187
187
187
187
187
187
187
187
186
186
186
187
187
187
187
187
187
187
188
188
190
190
190
190
190
190
190
190
190
190
190
190
190
190
191
191
191
191
191
191
191
191
191
191
192
192
192
192
192
192
192
192
192
192
192
192
192
192
192
192
194
194
195
195
195
196
196
196
196
196
196
196
196
196
196
196
196
196
196
195
195
195
195
195
195
195
195
195
195
195
195
195
195
195
196
195
196
196
196
196
196
197
197
197
197
198
198
198
197
197
197
197
197
197
197
197
197
197
197
197
198
198
198
198
198
198
198
198
198
198
198
198
198
198
198
198
198
198
199
199
199
199
199
199
199
200
200
200
200
200
200
200
200
200
200
200
201
201
201
201
202
202
202
202
202
202
202
202
203
203
203
203
204
205
205
205
205
205
205
205
205
206
206
206
206
207
207
207
207
207
207
207
207
208
208
208
208
208
210
210
210
210
210
210
210
210
210
210
209
209
209
209
209
209
210
210
211
211
212
212
212
212
212
212
212
212
212
212
212
212
212
212
212
212
213
213
213
213
213
213
213
213
213
214
214
214
214
214
214
215
215
215
215
215
215
215
215
215
215
215
215
215
215
215
215
215
215
215
215
217
217
217
217
217
218
218
218
218
218
218
219
219
220
220
220
220
220
220
220
220
220
220
220
220
220
220
220
220
220
220
220
220
220
220
220
220
220
220
220
221
221
221
221
221
221
220
220
220
220
220
221
221
221
221
221
221
221
220
220
219
219
219
219
219
219
221
221
221
221
221
222
222
222
222
222
222
222
222
222
222
222
222
222
222
222
222
222
222
222
222
222
222
222
222
222
222
222
222
222
222
222
223
223
223
223
223
223
223
223
223
223
223
223
223
223
223
223
223
223
223
223
223
223
223
223
223
223
223
223
223
223
223
223
223
223
223
223
223
223
223
223
223
224
224
225
225
225
225
225
225
225
226
226
226
225
225
225
225
225
226
227
227
227
227
227
228
228
228
228
228
229
229
229
230
230
231
231
231
231
231
231
231
231
232
232
233
233
233
234
234
234
234
234
234
234
234
234
234
234
235
235
235
235
235
235
235
235
235
235
237
237
237
237
237
237
237
237
237
237
237
237
236
237
237
237
237
237
237
236
236
236
236
236
236
237
237
237
238
238
238
238
238
238
238
237
238
238
238
238
238
238
238
238
240
241
241
241
241
241
241
241
241
241
241
241
241
241
241
241
240
240
240
240
240
240
240
240
240
240
240
240
240
240
240
240
240
240
240
240
240
240
240
241
241
241
241
241
241
241
241
241
241
241
241
241
241
242
242
242
242
242
242
242
242
242
242
242
242
242
242
242
242
242
242
242
242
242
242
242
242
242
242
242
242
242
242
242
242
242
242
242
242
242
242
242
242
242
242
243
243
243
243
243
243
243
243
243
243
243
243
243
243
244
244
244
244
244
244
244
244
244
244
244
244
244
244
244
244
244
244
244
244
244
244
244
244
244
244
244
244
244
244
244
244
244
244
244
244
244
244
244
244
244
244
244
244
244
244
244
244
244
244
244
244
244
244
244
244
244
244
244
244
244
244
244
244
245
245
245
245
245
245
245
245
245
245
245
245
245
245
245
245
245
244
244
244
244
244
244
244
244
244
244
244
244
244
244
244
245
245
245
245
247
247
249
249
249
249
249
249
250
250
252
252
252
252
252
252
252
253
253
253
253
253
253
253
253
253
253
253
253
253
253
253
253
253
253
253
253
253
253
253
253
253
253
254
254
254
254
254
254
255
255
256
256
256
256
256
256
256
256
256
256
256
256
256
256
256
256
256
256
256
256
256
256
256
256
256
256
256
256
256
257
257
257
257
257
256
256
256
256
256
256
257
257
257
257
257
257
257
257
257
257
257
257
257
257
257
257
257
257
257
257
258
257
258
258
258
259
260
260
260
260
260
260
260
260
260
260
260
260
260
260
260
260
260
260
260
260
260
261
261
261
262
262
262
262
261
261
261
261
261
261
261
261
262
262
262
263
263
263
262
263
263
263
263
263
263
263
264
264
265
266
268
268
268
268
268
268
268
268
268
268
268
269
269
269
269
269
269
269
269
269
269
269
269
269
269
269
269
269
269
269
269
270
270
270
270
270
270
270
270
270
270
270
270
270
270
270
270
271
271
271
271
271
271
270
270
270
270
270
270
270
270
270
270
269
269
269
269
269
269
269
269
269
269
269
269
269
269
268
269
269
269
269
269
269
269
269
269
269
269
269
269
269
270
270
270
270
270
270
270
270
271
271
273
273
273
273
273
273
273
273
274
275
275
275
275
275
275
275
275
275
275
274
274
274
274
274
274
274
274
275
275
275
275
275
275
275
275
275
275
275
275
275
275
275
275
275
275
275
275
275
275
275
277
277
276
276
276
276
276
276
277
277
277
277
277
277
277
277
277
277
277
277
277
277
276
276
276
276
276
276
276
276
276
276
276
276
276
276
276
276
276
276
276
276
276
276
276
276
277
277
277
277
277
277
277
277
277
277
277
277
277
278
278
278
278
278
279
279
279
279
280
280
280
280
280
280
280
280
280
280
280
280
280
280
280
280
280
282
282
282
282
282
282
283
283
283
282
282
282
282
282
282
282
282
282
282
282
282
282
283
284
284
284
284
284
284
284
284
284
284
284
284
284
284
284
284
284
284
284
284
284
284
284
284
284
284
284
284
285
285
285
285
285
285
285
285
285
285
285
285
286
286
286
286
286
286
286
286
286
286
287
287
287
287
287
287
287
287
287
287
287
287
287
287
287
287
287
287
287
287
287
287
289
289
289
288
288
288
288
288
288
287
287
288
288
288
288
288
288
289
289
289
289
289
289
289
290
290
290
290
290
290
290
290
290
290
290
290
290
290
290
290
290
290
290
290
290
290
290
290
290
290
290
290
290
290
290
290
290
290
290
290
290
290
290
290
291
291
291
291
291
291
291
291
291
291
291
291
291
291
291
291
291
292
292
292
293
293
294
294
294
294
295
295
295
295
294
294
294
294
294
294
296
297
297
297
297
297
297
297
298
298
298
298
298
297
297
296
296
296
296
295
295
295
295
295
296
296
296
296
297
297
298
298
299
299
299
299
299
299
299
299
300
300
300
300
301
301
301
301
301
301
301
301
301
301
301
301
301
302
302
302
302
301
301
301
301
301
301
301
301
301
301
301
301
301
301
301
301
302
302
302
302
302
302
302
302
302
302
302
302
302
302
302
302
302
302
302
304
304
305
305
305
305
305
305
305
305
305
306
306
306
306
306
306
306
306
306
306
306
306
307
307
307
307
307
307
308
309
309
309
309
309
309
309
309
309
309
309
309
309
309
309
309
309
309
309
309
309
309
310
310
310
310
311
312
312
312
312
312
312
312
312
312
312
312
312
312
312
312
312
312
312
312
312
312
312
312
312
313
313
313
313
313
314
315
315
316
316
316
316
316
315
315
314
314
314
314
314
314
314
314
314
314
314
314
315
315
315
315
315
315
315
316
317
319
319
319
319
319
319
319
319
319
319
319
319
319
319
319
319
319
319
319
319
319
319
318
318
318
318
318
318
318
318
319
319
320
320
320
320
320
321
321
321
321
321
321
321
321
321
321
321
321
321
321
321
321
321
321
321
321
321
321
321
321
321
320
320
320
320
320
320
320
320
320
320
320
320
320
320
320
320
321
321
321
321
321
321
321
321
321
321
321
322
322
322
322
322
322
322
322
322
322
322
322
322
322
322
322
322
322
322
322
322
322
322
322
321
321
322
322
322
323
323
323
323
323
324
324
324
324
324
324
324
324
324
324
324
324
325
327
327
327
327
327
327
328
328
328
328
329
329
329
329
329
329
329
329
329
329
329
329
329
329
329
329
330
330
330
330
330
331
331
331
331
331
331
332
332
332
332
332
332
332
332
332
332
332
333
333
334
335
335
335
335
335
335
335
335
335
335
335
335
335
335
335
335
335
335
335
335
335
335
335
335
335
334
334
335
335
335
335
335
335
335
335
335
335
335
335
335
335
335
335
335
335
335
335
335
335
335
335
335
335
335
335
335
335
335
335
335
335
335
335
335
335
335
335
335
335
335
335
335
335
335
336
336
336
336
336
336
337
337
337
337
337
337
337
337
337
337
337
338
338
338
338
338
338
338
338
338
337
337
337
336
336
336
336
336
336
336
336
336
336
336
336
336
336
336
336
336
336
336
336
336
336
336
336
336
336
336
336
336
337
337
336
336
336
336
336
337
337
337
337
337
337
338
338
337
337
338
338
338
338
338
339
339
339
339
339
339
339
339
339
339
339
339
339
339
339
339
339
339
339
339
339
339
339
339
339
339
339
339
339
339
339
339
339
338
338
338
338
338
338
338
338
338
338
338
338
338
338
338
338
338
337
337
337
337
337
337
337
337
337
336
336
336
336
336
336
336
336
336
336
336
336
336
336
336
336
336
335
335
335
335
335
335
335
335
335
335
335
335
335
335
335
335
336
336
336
336
336
336
336
336
336
336
336
336
336
337
338
338
338
338
338
337
337
338
338
338
338
338
338
338
338
338
338
338
338
338
338
338
338
338
338
338
338
338
338
339
339
340
340
341
341
342
342
342
342
342
342
342
342
343
343
343
344
344
344
344
344
344
344
344
344
344
344
344
344
344
344
344
344
344
344
344
344
344
344
344
344
344
344
344
345
345
345
345
345
345
345
345
345
345
345
345
345
346
346
346
346
346
346
347
347
347
347
347
347
347
348
348
349
349
349
349
349
349
349
349
348
348
348
348
348
348
348
348
349
350
350
351
351
351
351
351
351
351
351
351
351
351
352
352
352
352
352
352
352
352
352
352
352
352
352
353
353
353
353
353
353
353
353
353
353
353
353
353
353
353
353
354
354
355
355
355
355
355
355
355
355
355
355
355
356
356
356
356
356
356
356
356
356
356
356
356
356
356
356
356
356
357
357
357
359
359
359
359
359
359
359
359
359
359
359
359
359
359
359
361
361
361
361
361
361
361
361
361
361
361
361
361
361
361
361
361
361
361
361
361
361
361
361
361
361
362
362
362
362
362
362
362
362
363
363
364
364
364
364
364
364
364
364
364
364
364
364
364
363
363
363
362
362
362
361
361
361
361
361
361
361
360
360
360
361
361
360
360
360
360
360
360
360
360
360
360
360
360
360
360
360
360
360
360
360
360
360
360
360
360
360
360
360
360
360
360
360
359
359
359
359
360
360
360
360
360
360
360
360
360
360
360
359
359
359
360
360
360
360
360
360
360
360
360
360
360
360
360
360
360
360
360
360
359
359
359
359
360
360
360
360
360
360
360
360
360
360
360
361
362
362
362
362
362
362
362
362
362
362
362
362
361
361
362
362
362
362
362
362
362
362
362
362
362
361
361
361
361
362
362
362
362
362
362
362
362
362
362
362
362
362
362
362
362
362
362
362
362
362
361
361
362
363
363
363
363
364
364
364
364
365
365
365
365
365
365
365
365
365
365
365
365
365
365
365
364
364
364
364
364
364
364
364
364
364
364
364
364
364
364
364
364
364
364
365
364
364
364
364
364
365
365
365
365
365
365
365
366
366
366
366
366
366
366
366
368
369
369
369
369
369
369
369
369
370
371
371
371
371
371
371
371
372
372
372
373
373
373
373
373
373
373
373
373
373
373
373
373
373
373
373
373
374
374
374
374
374
374
374
374
374
374
374
374
374
374
374
375
375
375
376
376
376
376
376
376
376
376
376
376
376
376
376
376
376
376
376
376
376
376
376
376
376
376
376
376
376
375
376
376
376
376
376
375
375
375
375
375
375
375
376
376
376
376
377
377
376
376
376
377
377
377
377
377
377
377
377
378
378
378
378
378
378
379
379
379
379
379
379
379
379
379
379
379
379
379
379
379
379
379
380
380
380
379
379
379
379
379
378
378
378
378
378
378
378
378
378
378
378
378
378
378
378
378
378
378
378
378
378
378
378
378
377
377
377
377
377
377
377
377
377
377
377
377
377
377
377
377
377
377
377
377
377
377
377
377
377
377
378
378
377
377
376
376
376
376
377
377
378
378
378
378
378
378
378
378
378
378
378
378
379
379
379
379
379
379
379
380
380
380
380
381
382
382
382
382
382
382
382
382
382
382
382
382
382
382
382
382
383
383
383
383
383
383
382
382
382
382
382
382
382
382
382
382
382
383
383
383
383
382
382
382
383
383
383
383
383
383
383
383
384
384
384
383
383
383
383
383
383
383
383
383
383
383
384
384
384
384
384
384
385
385
385
385
385
385
384
384
384
384
384
385
385
385
384
385
385
385
385
385
385
385
385
385
385
385
385
385
385
385
386
386
386
386
386
386
386
386
386
386
386
386
386
386
386
386
386
386
387
387
387
387
387
387
387
387
387
387
387
387
387
387
386
386
386
386
386
386
386
386
386
386
386
386
386
386
386
386
386
386
386
386
386
386
386
386
386
386
386
385
385
385
385
385
385
385
385
385
385
385
385
385
385
385
386
386
386
386
386
386
386
386
386
387
387
387
387
387
387
387
387
387
387
387
388
388
388
388
388
388
388
388
388
388
388
389
389
389
389
389
389
389
389
389
389
389
389
389
389
389
389
389
388
388
388
388
388
388
388
388
388
387
387
387
387
387
387
387
387
387
387
387
387
387
387
387
387
388
388
388
388
388
388
388
388
388
388
388
388
387
388
388
388
388
388
388
388
389
389
389
389
389
389
389
389
388
388
388
387
387
387
387
387
387
387
387
387
387
387
387
387
387
387
387
387
387
387
388
388
388
388
388
388
388
388
388
388
388
388
388
388
388
388
388
388
388
388
388
388
388
389
389
389
389
389
389
389
389
389
389
389
389
389
389
389
389
389
389
388
388
388
388
388
388
388
388
388
388
388
388
388
388
388
388
388
388
388
388
388
388
388
388
388
388
388
389
389
389
389
389
389
389
389
389
389
389
389
390
390
390
390
390
390
390
391
391
391
391
391
391
391
391
391
391
391
391
391
391
391
391
395
396
396
396
396
396
396
396
396
396
396
397
397
397
398
398
398
398
398
398
397
397
397
397
395
395
395
395
395
395
395
395
395
395
395
395
395
395
395
395
395
395
395
395
395
397
397
398
398
398
398
398
398
398
398
398
398
398
398
398
398
398
398
398
398
398
398
399
399
399
400
400
400
400
400
400
400
400
400
400
400
400
400
400
402
402
402
403
403
403
403
404
404
404
404
404
404
404
404
404
404
404
405
405
406
406
406
406
406
407
407
408
408
408
408
408
408
408
408
408
408
408
408
408
408
408
408
409
409
409
409
409
409
409
409
409
409
409
409
410
411
411
411
411
412
412
412
412
412
412
412
412
412
412
412
412
412
412
412
412
412
412
412
412
412
412
412
412
412
412
412
412
412
412
412
412
413
413
413
413
413
413
413
412
410
410
410
410
410
410
410
410
410
410
410
411
411
411
411
411
411
411
411
411
411
411
411
411
411
411
411
411
411
411
411
410
410
410
410
411
411
411
411
411
411
411
411
411
411
411
411
411
411
411
411
411
411
411
411
411
411
411
412
412
414
414
414
414
414
414
414
415
415
415
416
416
416
416
416
416
417
417
417
417
417
417
417
417
417
417
417
417
417
417
417
417
418
418
419
419
420
420
420
422
422
422
422
422
422
422
422
422
422
423
423
423
423
423
423
423
423
423
423
423
423
423
423
423
423
423
423
423
423
423
423
424
424
424
424
424
424
425
425
425
425
426
426
426
425
425
425
426
426
426
426
426
426
426
426
426
426
426
426
426
426
425
426
426
426
426
427
426
426
426
426
426
426
426
426
426
426
426
426
426
426
426
426
426
426
426
426
426
426
426
426
426
426
427
427
428
428
429
429
429
430
430
430
430
430
430
431
431
431
432
432
432
432
433
433
433
433
433
433
433
433
433
433
433
433
433
433
433
433
433
433
433
433
433
433
433
434
433
433
433
433
433
434
434
434
434
434
434
434
434
434
434
435
435
435
435
435
435
436
436
436
436
436
436
436
436
436
436
436
436
436
436
437
437
437
437
437
437
437
437
437
437
437
437
437
437
437
437
437
437
437
437
437
437
437
437
437
437
437
436
435
435
435
435
435
435
435
435
435
435
435
435
435
435
435
436
437
437
437
436
436
436
436
436
436
436
436
436
436
436
436
436
436
437
437
437
438
439
439
439
440
439
439
439
439
439
439
439
439
439
439
439
439
439
439
439
439
439
439
439
439
439
439
439
439
439
439
439
439
441
441
441
441
441
441
441
441
441
441
441
441
441
441
441
441
441
441
441
441
441
441
441
441
441
441
441
441
441
441
441
441
441
441
441
441
441
441
441
441
441
441
441
441
440
440
440
440
440
440
440
440
439
439
439
439
439
439
440
440
440
440
440
440
440
441
441
442
442
443
443
443
443
444
445
445
445
445
445
445
445
445
445
444
444
444
444
443
443
443
443
443
443
443
443
444
444
444
444
444
444
444
444
444
444
444
444
444
444
444
444
444
444
444
444
444
444
444
444
444
444
444
444
444
444
444
444
444
444
444
444
444
444
444
444
444
444
445
445
445
445
445
445
445
445
445
445
445
445
445
445
445
445
445
445
445
445
445
445
445
445
445
445
447
448
448
448
448
448
448
448
448
448
448
448
449
449
450
450
450
450
450
450
451
451
451
452
452
452
452
452
452
452
452
452
452
452
453
453
453
453
453
453
453
453
453
453
453
453
453
453
453
453
453
453
453
452
452
452
452
452
452
452
452
452
452
452
452
452
452
452
452
452
452
452
452
452
453
453
453
453
453
453
453
454
455
455
456
456
456
456
457
457
457
458
458
458
458
458
458
458
458
458
458
458
458
458
458
458
458
458
458
458
458
458
458
458
458
458
458
458
458
458
457
457
457
457
457
457
457
457
457
457
457
456
456
455
455
455
455
455
454
454
454
454
454
454
454
454
454
454
454
454
454
454
454
454
454
454
455
456
456
456
456
457
457
457
457
457
457
458
458
458
458
458
458
458
458
458
458
459
460
460
460
460
460
460
460
460
460
461
461
462
462
462
462
462
464
465
465
465
465
465
465
465
466
466
466
466
466
467
467
467
467
466
466
466
466
466
466
466
467
467
467
468
468
468
468
468
468
468
467
467
467
469
469
469
469
469
469
470
470
471
471
471
471
471
471
471
472
472
472
472
472
472
472
472
472
472
472
472
472
472
472
472
472
472
472
472
472
472
472
472
472
472
472
472
472
472
472
472
472
472
472
472
472
472
473
473
473
473
473
475
475
475
475
475
475
475
475
476
476
475
476
476
477
477
477
477
477
477
477
477
477
477
477
477
477
477
477
477
477
477
477
477
477
477
477
477
477
477
477
477
478
478
478
479
479
479
479
479
479
479
479
479
479
479
479
479
479
479
479
479
479
479
479
479
479
479
479
480
480
480
480
481
481
481
481
481
481
481
481
481
481
481
481
481
481
481
482
482
482
482
482
482
482
482
482
484
484
484
484
485
486
486
486
486
486
488
488
488
488
488
488
488
489
490
490
490
490
490
490
490
490
490
490
490
492
492
492
492
492
492
492
492
492
492
492
492
492
492
492
492
492
492
492
492
492
492
493
493
493
493
493
493
493
493
494
494
494
494
494
495
495
495
495
495
495
495
495
494
494
494
494
494
494
496
497
497
497
497
498
498
498
498
498
498
498
498
499
499
499
499
499
499
499
499
499
498
498
498
498
498
498
499
499
499
499
499
500
501
500
500
500
500
500
500
500
500
500
500
500
500
500
500
500
500
500
500
500
501
501
501
501
501
502
502
502
503
503
503
503
503
503
503
503
503
504
504
504
504
506
506
506
506
506
507
507
507
507
507
508
508
509
509
509
510
510
510
510
510
510
509
509
509
509
509
509
509
509
509
509
509
509
509
509
508
508
507
507
507
507
507
508
508
509
509
509
509
509
509
509
509
510
510
510
510
510
510
510
510
510
510
510
510
510
510
510
510
510
510
510
510
510
510
510
511
511
511
511
511
511
511
511
511
511
511
511
511
513
513
513
513
513
513
513
514
514
515
515
516
516
516
516
516
516
516
516
516
516
516
516
516
516
517
517
517
517
516
516
516
516
516
516
516
516
516
516
516
516
516
516
516
516
515
515
515
515
515
515
515
515
515
515
515
515
515
515
515
515
515
515
515
515
515
515
515
515
515
515
515
514
515
515
515
515
515
515
515
516
516
516
515
517
517
518
518
518
519
519
519
519
518
518
518
518
518
518
519
519
519
519
520
521
521
521
521
521
521
521
522
522
522
522
522
522
522
522
522
522
522
523
523
524
524
524
524
524
524
524
525
525
525
525
525
525
525
526
526
526
526
526
526
526
526
526
526
526
526
526
526
526
526
526
526
526
527
527
527
527
528
528
528
528
528
529
529
529
529
529
529
529
529
529
529
529
529
529
529
529
529
529
529
529
528
528
528
528
528
528
528
528
528
528
528
528
528
528
528
528
528
528
528
528
528
528
528
529
529
529
529
529
529
529
529
529
530
530
530
530
530
530
530
530
530
530
530
530
530
531
531
531
531
531
531
531
531
531
531
531
531
531
531
531
531
531
531
531
531
531
531
531
531
531
532
532
532
532
532
532
532
532
532
533
533
533
534
534
534
534
535
535
535
535
535
535
535
535
535
535
536
536
536
536
536
536
536
536
536
536
536
536
537
537
537
538
538
538
538
539
540
540
540
540
540
541
541
541
542
542
542
542
543
543
543
543
543
543
543
543
543
543
543
543
543
543
543
543
543
543
543
543
543
543
543
543
544
544
544
544
544
544
545
545
545
545
545
545
545
545
545
545
545
545
545
545
545
545
545
545
545
545
545
545
545
545
545
545
545
545
545
545
545
545
545
545
545
545
545
545
545
546
546
546
546
546
546
546
546
546
546
546
546
546
546
546
546
546
546
546
546
546
546
546
546
546
546
546
546
546
546
547
547
548
548
548
548
548
548
548
547
547
547
547
547
547
547
547
547
547
548
548
548
549
549
549
549
549
549
549
549
549
549
549
549
550
550
550
550
550
550
550
550
550
550
550
551
551
551
551
551
551
552
552
552
552
552
552
552
552
552
552
552
551
552
552
553
553
553
553
553
553
553
553
553
553
553
553
553
553
553
553
553
553
553
554
554
554
554
554
554
554
554
554
554
554
554
554
554
554
554
554
555
555
555
555
555
555
555
555
555
555
556
556
556
557
557
557
557
558
558
558
558
558
559
559
559
559
559
559
560
560
560
560
560
560
560
560
560
560
560
560
560
560
560
560
560
560
560
560
560
560
560
560
560
560
560
560
560
560
560
560
560
560
560
560
560
560
560
560
560
560
560
560
560
560
560
560
560
560
561
561
561
561
561
561
561
561
561
561
561
561
561
561
561
561
561
560
560
560
560
559
559
559
560
560
560
560
560
560
560
560
560
560
560
560
560
560
560
560
560
560
559
559
559
559
559
559
559
559
559
559
559
561
561
561
561
561
561
561
561
561
561
561
561
561
561
561
