911
413
413
413
413
413
416
416
416
416
416
416
416
416
419
419
419
419
419
419
419
419
419
419
419
419
419
419
419
419
419
419
419
422
422
422
422
422
422
422
422
422
422
422
424
427
427
427
427
427
427
427
427
427
427
433
433
433
433
433
433
433
433
433
433
433
433
433
436
436
436
436
436
436
439
439
439
439
439
439
439
439
439
439
439
439
439
439
442
442
442
442
442
442
445
445
445
445
445
445
445
445
445
448
448
448
448
448
448
448
448
448
448
448
448
448
448
448
448
451
457
457
460
460
460
460
460
460
460
460
460
460
460
460
460
460
460
460
460
460
463
463
463
463
463
463
463
463
463
463
463
463
463
463
463
463
463
466
466
469
469
469
469
469
469
469
469
469
469
469
469
469
469
469
469
469
469
469
469
469
469
469
469
469
469
469
469
469
469
469
472
472
475
475
475
475
475
478
478
478
478
478
478
481
481
481
481
481
481
481
481
481
481
481
481
481
481
481
481
481
481
481
481
481
481
481
481
481
484
484
484
484
484
484
484
484
484
484
484
484
484
484
487
487
487
487
487
487
487
487
487
487
487
487
490
490
490
490
490
490
490
490
490
490
490
490
490
490
490
490
490
490
490
490
490
490
490
490
490
490
490
490
490
490
490
490
490
490
493
493
493
493
493
493
493
493
493
493
493
493
493
493
493
493
493
493
493
493
493
496
496
496
499
499
499
499
499
499
499
499
499
499
499
499
505
505
505
505
505
505
505
505
505
505
505
505
505
505
505
505
505
505
505
505
505
505
505
505
505
505
505
505
505
505
505
505
508
511
511
511
511
511
511
511
511
514
514
514
514
514
514
520
520
520
520
520
520
520
520
520
520
520
520
520
523
523
523
523
523
523
523
523
523
523
523
523
523
523
523
523
523
523
523
523
523
526
529
529
529
529
529
529
529
529
529
529
529
529
529
529
529
529
529
529
529
529
529
529
529
529
529
529
529
529
529
529
529
529
529
529
529
529
529
529
532
532
532
532
532
532
532
532
532
532
532
532
532
532
532
532
532
532
532
532
532
535
535
535
535
535
538
538
538
538
538
541
541
541
541
541
541
541
541
541
541
541
541
541
541
541
541
544
544
544
544
544
544
544
544
544
544
544
544
544
544
544
544
544
544
544
544
544
544
544
544
544
544
544
544
547
547
547
547
547
547
547
547
547
547
547
547
547
547
547
547
547
547
550
550
550
550
550
553
553
553
553
553
553
553
553
553
553
553
553
553
553
553
553
553
559
559
559
559
559
559
559
559
559
559
559
559
559
559
559
559
559
559
559
559
559
559
562
562
562
562
562
562
562
562
562
562
565
565
565
565
565
565
565
565
565
565
565
565
565
565
565
565
565
565
565
565
565
568
568
571
571
571
571
574
574
574
574
574
574
574
574
574
574
574
574
574
577
577
577
577
577
577
577
577
577
580
580
580
580
580
580
580
580
580
583
583
583
583
583
583
583
586
586
586
586
586
586
586
586
586
586
586
586
586
586
586
586
586
586
586
586
589
589
589
592
592
592
592
595
595
595
595
595
595
595
595
595
598
598
598
598
598
598
598
598
598
598
598
598
601
601
601
601
601
601
601
601
601
601
604
604
604
604
604
607
607
607
607
607
607
607
607
607
607
613
613
613
613
613
613
613
613
613
616
616
616
616
619
622
622
622
622
622
622
622
622
622
622
622
622
622
622
622
622
622
622
622
622
622
622
622
622
622
622
622
622
622
622
622
622
622
622
622
622
622
622
622
622
622
622
622
628
628
628
628
628
628
628
628
628
628
628
628
628
628
628
631
634
634
634
634
634
637
637
637
637
637
637
637
637
637
637
637
637
640
640
640
640
640
640
640
640
640
640
640
640
640
640
640
643
643
643
643
643
643
646
646
646
646
646
646
646
646
649
649
649
649
649
649
649
649
649
649
649
649
649
649
649
649
649
649
652
652
652
652
652
652
652
652
655
655
655
655
655
655
655
655
655
655
655
655
655
664
664
664
664
664
664
664
664
670
670
670
670
670
670
670
670
670
670
670
670
670
670
670
670
670
670
670
670
670
670
670
670
670
670
670
670
670
670
670
670
670
670
670
670
670
670
670
670
670
670
673
673
673
673
673
673
673
673
673
673
673
673
676
676
676
676
676
676
679
682
682
682
682
682
682
682
682
682
682
682
682
682
682
682
682
682
682
682
685
685
685
685
688
688
688
688
688
688
