298
298
298
298
299
299
299
299
299
299
300
300
300
300
300
301
301
302
302
302
306
306
308
308
308
308
308
309
309
309
309
309
309
309
310
311
311
312
312
312
312
312
312
312
312
313
314
314
316
316
316
316
316
316
316
317
317
318
319
320
320
320
320
320
322
323
323
325
325
327
327
328
329
329
330
331
331
331
332
333
333
333
334
335
335
335
335
335
335
336
336
338
339
339
339
340
340
340
340
340
340
340
340
341
341
341
342
346
346
346
346
348
348
350
350
350
350
350
350
350
351
352
353
354
354
354
354
354
354
354
355
355
356
356
356
357
358
358
358
359
360
360
360
360
360
360
361
361
362
363
363
363
363
363
363
363
363
366
368
369
369
369
368
368
368
368
370
370
371
372
372
372
373
373
375
375
375
375
375
375
375
375
375
375
376
376
376
376
377
377
377
378
380
381
381
381
382
382
382
382
383
384
385
385
385
385
385
385
387
387
387
388
388
389
389
389
389
389
389
389
389
389
389
389
390
394
395
396
396
396
396
396
396
397
397
397
397
397
398
398
398
398
398
398
398
398
398
399
400
400
400
401
401
401
401
402
402
402
402
402
403
403
405
404
404
404
404
407
407
407
407
408
410
410
410
410
410
411
411
411
412
412
412
412
414
413
413
413
413
413
413
413
414
415
415
417
417
417
417
417
418
418
418
418
419
419
419
419
419
419
420
420
421
420
420
420
420
420
420
421
421
421
422
426
427
428
428
428
428
428
428
430
431
431
432
432
432
433
433
434
435
438
438
438
438
438
438
438
439
439
439
439
439
439
439
439
439
440
442
442
443
445
445
445
446
446
446
447
448
448
448
449
449
449
450
450
450
450
450
450
450
450
452
452
452
452
453
453
453
453
453
453
453
453
453
453
453
454
454
456
458
458
458
458
458
458
459
459
459
460
460
460
462
462
462
465
465
465
465
465
465
466
466
466
466
466
467
467
468
468
468
468
469
469
469
469
469
469
469
470
470
470
472
472
474
475
475
475
476
476
476
476
476
476
476
477
478
478
480
480
480
480
480
481
482
484
485
485
487
487
487
487
487
487
487
487
490
490
490
490
494
496
496
496
496
497
497
501
501
504
504
505
505
505
506
506
507
507
507
507
507
507
507
507
509
509
509
509
509
509
509
510
511
511
511
513
514
514
516
516
516
520
521
521
522
522
522
522
522
522
522
522
523
523
523
524
524
524
524
524
524
525
525
525
525
525
526
526
529
529
530
530
532
532
533
533
533
533
535
535
535
535
536
536
536
536
538
540
541
541
544
545
545
545
545
547
547
547
547
548
548
548
549
549
549
549
549
550
552
553
553
553
553
553
553
554
554
554
557
557
558
558
558
558
558
558
558
558
558
558
558
558
558
558
558
558
558
558
558
558
558
558
558
560
560
560
560
560
560
560
560
560
561
561
561
561
562
562
562
562
562
562
562
562
562
564
564
564
564
564
566
566
566
566
566
566
566
566
566
566
566
567
567
567
567
567
567
567
567
567
567
567
567
567
567
567
567
567
567
567
567
567
567
567
567
568
568
569
569
569
569
569
569
569
569
569
569
569
569
569
570
570
570
570
570
570
570
570
570
570
570
570
570
569
569
569
569
569
570
570
571
571
570
570
570
570
570
569
571
571
571
571
571
573
573
573
573
573
573
573
573
573
573
573
573
573
573
573
573
574
574
574
574
574
574
574
574
574
574
574
574
574
574
574
574
574
575
575
576
576
576
576
576
576
576
576
576
576
576
576
576
576
576
576
576
576
576
576
576
576
575
576
576
576
576
576
576
576
576
576
576
576
576
576
576
576
576
576
576
576
576
576
577
577
577
577
577
577
577
577
577
577
577
577
577
577
577
577
577
577
577
577
577
577
577
579
579
579
579
581
581
581
581
581
581
581
581
582
582
582
582
582
582
582
583
584
584
584
585
585
585
585
585
585
585
585
585
585
585
585
585
585
585
586
586
586
586
586
586
586
586
586
586
586
586
586
586
586
586
586
586
586
586
586
586
586
586
586
586
586
586
586
586
586
586
586
586
587
587
587
587
587
587
587
588
588
588
589
589
589
589
589
589
589
589
589
589
589
589
589
589
590
590
592
592
593
593
593
593
593
593
592
592
592
593
593
593
592
592
592
592
592
592
592
592
593
593
593
593
593
594
594
594
594
594
594
594
594
594
594
594
594
594
594
594
594
594
594
594
594
594
596
596
597
597
597
597
597
598
598
598
598
598
598
598
598
598
598
598
598
598
598
598
598
598
598
598
598
598
598
598
598
598
598
598
598
598
598
598
598
598
600
600
600
600
600
600
600
600
600
600
600
600
600
600
600
600
600
600
600
600
599
599
600
600
602
602
602
602
602
602
602
602
602
602
602
602
602
602
602
602
602
602
602
602
602
602
602
602
602
602
602
602
602
602
602
602
602
602
602
602
602
602
602
602
602
602
602
602
603
603
603
603
603
603
603
603
603
603
603
603
603
603
603
603
603
603
603
603
603
603
603
603
603
603
603
603
603
603
603
603
603
603
603
603
603
603
603
603
603
603
603
603
604
604
606
606
606
606
606
606
608
608
608
608
608
608
608
608
608
608
608
608
608
608
608
608
608
608
608
608
608
608
608
609
609
609
609
609
609
609
609
609
609
609
609
609
609
609
609
609
609
609
610
610
610
612
612
612
612
612
612
614
615
615
615
615
615
615
615
615
615
615
615
617
617
617
617
617
617
617
617
617
617
617
617
617
617
617
617
617
618
618
618
618
618
618
619
619
619
619
620
620
622
624
624
624
624
624
624
626
627
627
627
627
627
627
627
627
627
627
627
627
627
627
627
627
627
627
627
627
628
628
629
629
629
629
629
629
629
629
629
629
629
629
629
629
629
629
629
629
629
629
629
629
629
629
629
629
629
629
629
629
629
629
629
629
630
630
630
631
631
631
631
631
631
631
631
631
631
631
631
631
631
631
631
631
631
631
631
631
631
631
631
631
631
631
631
631
631
631
631
631
631
631
631
631
631
632
632
633
634
634
634
634
634
634
634
634
634
634
634
634
635
635
635
635
635
635
635
635
635
636
636
636
636
636
636
636
636
636
636
636
636
636
636
636
636
636
636
636
636
636
636
637
637
637
637
637
637
637
637
637
637
637
637
638
638
638
638
638
638
638
638
638
639
639
640
640
640
640
640
640
640
640
640
640
640
640
640
640
640
640
640
640
640
640
639
639
639
639
639
639
639
639
639
640
640
640
640
640
640
640
641
641
641
641
641
641
641
642
642
642
642
642
642
642
642
642
642
642
641
642
642
642
642
642
642
642
642
642
642
642
642
642
644
644
644
644
644
644
644
644
644
645
645
645
645
645
645
645
646
646
646
646
646
646
646
647
647
647
647
647
647
647
647
647
647
647
647
648
649
650
650
650
650
650
650
651
651
651
652
652
652
652
652
652
652
652
652
652
653
653
653
653
653
653
653
653
653
653
653
653
653
653
653
653
653
653
653
653
653
653
653
653
653
653
653
654
654
654
654
654
654
654
654
654
654
654
654
654
654
654
654
654
654
654
654
654
654
654
654
654
654
654
654
654
654
654
654
654
656
656
658
658
658
659
659
659
659
659
660
660
660
660
660
660
660
661
661
661
661
661
661
661
661
662
662
662
662
662
662
662
662
661
661
661
661
660
661
661
661
661
661
661
661
662
662
662
662
662
661
661
661
661
661
661
661
661
661
661
661
661
661
662
662
662
662
662
662
662
662
662
662
663
663
663
663
663
663
663
663
663
663
663
663
663
663
664
664
664
664
664
664
664
664
664
664
664
664
664
664
666
665
665
665
665
665
665
665
665
665
665
665
665
665
665
665
665
665
665
665
666
666
666
666
666
666
666
666
666
666
666
666
666
666
666
666
666
666
666
666
666
666
666
666
666
666
666
666
666
666
666
666
666
666
666
666
666
666
666
667
667
667
667
667
667
667
667
667
668
668
668
668
668
668
668
668
668
668
668
668
668
668
668
668
668
668
668
668
668
668
669
669
669
669
669
669
669
669
669
669
669
669
669
670
670
670
670
670
670
670
669
669
669
669
669
669
670
670
670
671
671
671
671
671
671
671
671
671
670
670
670
670
670
670
670
670
670
670
670
670
670
670
671
671
671
671
671
671
671
671
671
671
671
671
671
671
671
671
671
672
672
672
672
672
672
672
672
672
672
673
673
673
674
675
675
675
675
675
675
676
676
676
676
676
676
676
676
676
676
676
676
676
676
676
677
677
677
677
677
677
677
677
679
679
679
679
679
679
679
679
679
679
679
679
679
679
679
679
679
679
679
679
679
679
679
680
680
680
680
680
680
680
680
680
681
681
681
681
681
680
680
680
680
680
680
680
680
680
681
681
681
682
682
682
682
682
682
682
682
683
683
683
683
683
683
683
683
683
683
683
683
683
683
683
683
683
684
684
684
684
684
684
684
684
684
684
684
684
684
684
684
685
685
685
685
685
685
685
685
685
685
685
685
685
685
685
685
685
685
685
685
685
684
684
684
685
685
685
685
685
685
685
685
686
686
686
686
686
686
687
687
687
687
688
689
689
689
689
689
689
689
689
689
689
689
689
689
689
689
689
689
689
690
691
692
692
692
