459
462
462
466
468
469
472
479
483
484
492
492
493
493
493
493
492
495
496
496
500
501
501
502
502
504
504
507
507
510
511
510
510
510
510
510
514
516
516
516
517
517
518
517
519
521
522
522
524
527
528
531
533
534
534
535
535
535
537
537
537
537
537
537
539
538
538
538
539
541
541
541
542
542
541
542
552
552
553
555
555
557
557
558
559
560
561
562
563
563
567
567
567
567
567
566
568
569
572
573
574
576
576
581
581
581
586
586
586
593
594
600
602
604
608
608
617
617
617
619
619
624
623
623
623
624
624
624
625
627
629
636
636
636
641
649
649
649
650
653
661
662
663
663
663
663
670
670
672
673
673
673
674
678
678
678
678
682
683
683
685
685
685
685
689
692
693
701
701
702
703
705
705
705
706
706
709
715
717
717
718
719
719
721
721
725
726
727
728
728
732
732
733
734
740
740
740
743
745
746
751
751
751
755
755
755
755
757
763
765
767
772
772
777
781
785
789
789
794
794
796
800
805
807
807
811
816
816
818
821
821
823
823
826
827
835
835
835
840
840
840
841
845
845
845
845
847
847
847
847
852
852
852
856
858
859
859
859
860
860
861
863
866
869
871
874
874
874
874
875
877
878
879
880
880
881
881
883
884
885
886
886
887
887
887
888
892
895
899
901
901
902
903
905
907
908
908
910
910
910
915
916
919
919
921
925
928
928
928
929
929
931
931
931
934
934
934
934
936
936
941
944
953
955
955
955
955
956
956
958
959
960
961
963
963
963
967
969
969
969
970
970
970
973
973
973
973
974
975
975
978
978
978
978
983
984
984
989
993
993
993
993
993
995
997
997
998
998
1000
1004
1005
1007
1008
1008
1008
1009
1010
1012
1015
1016
1016
1016
1018
1019
1021
1024
1024
1033
1034
1040
1041
1044
1044
1045
1050
1053
1053
1054
1054
1056
1057
1058
1061
1061
1061
1062
1063
1066
1066
1068
1068
1069
1072
1075
1075
1075
1076
1085
1085
1088
1090
1090
1090
1092
1093
1094
1094
1098
1099
1103
1104
1111
1113
1115
1115
1115
1117
1117
1118
1124
1126
1127
1127
1126
1126
1126
1128
1130
1130
1130
1130
1134
1134
1134
1134
1136
1136
1136
1139
1139
1139
1139
1139
1139
1140
1140
1140
1140
1140
1141
1141
1141
1141
1144
1146
1146
1149
1149
1151
1151
1152
1152
1151
1154
1153
1156
1158
1158
1159
1162
1162
1162
1162
1166
1165
1165
1166
1169
1172
1172
1172
1172
1179
1179
1179
1179
1179
1179
1179
1182
1182
1185
1184
1189
1189
1192
1192
1192
1194
1194
1194
1194
1194
1195
1196
1197
1200
1199
1199
1199
1199
1199
1202
1204
1204
1207
1207
1207
1207
1206
1209
1209
1209
1209
1210
1210
1210
1210
1210
1213
1213
1213
1214
1216
1224
1226
1228
1228
1228
1228
1232
1232
1232
1232
1232
1240
1241
1241
1240
1240
1240
1242
1242
1242
1242
1242
1243
1243
1243
1243
1243
1243
1244
1245
1248
1248
1248
1251
1253
1253
1254
1255
1254
1255
1254
1254
1255
1256
1256
1256
1261
1263
1266
1268
1269
1271
1271
1273
1274
1275
1278
1280
1280
1279
1279
1280
1280
1280
1280
1280
1281
1281
1282
1283
1283
1283
1285
1287
1288
1287
1287
1287
1288
1288
1289
1289
1290
1290
1290
1291
1291
1292
1291
1294
1294
1294
1294
1294
