0
0
0
0
0
0
0
0
0
0
0
0
0
1
1
1
1
1
1
1
1
1
1
1
1
1
1
1
1
1
1
1
1
1
1
1
1
1
1
1
1
1
1
1
1
1
1
1
1
1
1
1
1
1
1
1
1
1
4
4
4
4
3
3
3
3
3
3
3
3
3
5
5
5
5
5
5
5
5
5
5
5
5
5
4
4
4
4
4
4
4
3
3
3
3
2
2
2
2
2
2
2
2
2
2
2
2
2
2
2
2
5
5
5
5
5
5
5
5
5
5
5
5
5
5
8
8
8
8
8
8
8
8
8
8
8
8
8
8
8
8
8
8
8
8
8
8
8
8
8
8
8
8
8
8
7
7
7
7
11
12
12
12
12
12
11
11
13
13
13
13
14
13
13
13
13
13
13
13
13
13
13
13
13
13
12
12
12
12
12
12
12
12
12
14
14
15
16
16
16
16
16
16
16
16
16
16
16
16
16
16
16
16
17
17
17
18
18
18
18
18
18
18
18
18
18
19
19
19
19
19
19
19
19
19
19
19
20
20
20
20
20
19
19
20
20
19
19
19
19
19
19
19
19
19
19
19
20
19
19
19
19
19
19
19
19
19
19
20
20
21
21
20
21
23
23
23
23
23
23
23
23
23
23
23
23
25
25
25
25
25
25
25
24
24
24
24
23
23
23
23
23
23
23
23
23
23
23
23
24
25
25
25
25
26
26
26
26
26
26
26
26
26
26
26
27
27
27
27
27
27
27
28
28
28
28
28
28
28
28
28
28
28
28
28
28
28
28
28
28
28
28
28
28
31
31
30
32
32
33
33
33
33
33
33
34
34
34
34
34
34
34
34
34
34
34
34
34
34
34
33
33
33
33
33
33
33
33
33
33
33
33
33
33
33
33
33
33
33
33
33
33
33
33
33
33
33
33
34
34
34
34
34
34
34
34
34
34
34
34
34
34
34
34
34
34
34
35
35
35
35
35
35
35
35
35
35
35
35
35
35
35
35
35
35
35
35
35
35
35
35
35
35
36
36
36
37
37
38
38
38
38
38
38
38
38
38
38
38
38
38
38
38
38
38
38
38
38
37
37
37
37
37
37
37
37
37
37
37
37
37
37
37
37
37
37
37
37
37
37
37
37
37
37
37
37
37
37
37
37
37
37
37
37
37
37
37
37
37
37
37
37
37
37
37
37
37
36
36
36
36
36
36
36
36
36
36
36
36
36
36
38
38
38
38
38
38
37
37
37
37
37
37
37
39
39
39
41
41
41
41
41
41
41
41
41
41
42
43
43
43
43
43
43
43
43
43
42
42
42
42
42
42
42
42
42
42
42
42
42
43
43
46
46
46
46
46
46
46
46
46
46
46
46
46
46
46
46
46
46
46
46
46
46
46
46
46
46
46
46
46
46
46
46
46
46
46
46
47
47
48
48
48
48
48
51
51
51
51
51
51
51
51
51
51
51
51
51
51
51
51
51
51
51
51
51
51
51
51
51
51
51
51
51
51
51
51
51
51
51
51
51
51
51
52
51
50
49
49
49
49
49
49
49
49
49
49
49
49
49
49
49
49
49
49
49
49
49
49
49
50
50
50
50
50
50
50
50
50
49
49
49
49
49
49
49
49
49
49
49
49
49
49
49
49
49
49
49
49
49
49
49
49
49
49
49
49
49
49
49
49
49
49
51
51
51
53
53
53
53
53
53
53
53
53
53
53
53
53
53
53
52
52
52
52
52
52
52
52
52
52
52
52
52
52
52
52
52
52
52
52
51
51
51
52
52
52
52
52
52
52
52
52
52
53
53
53
53
52
52
53
54
55
56
56
56
56
56
56
56
56
56
56
56
56
56
56
56
56
56
56
56
56
56
56
56
56
56
55
55
56
56
56
56
56
57
57
57
57
57
57
57
57
57
57
57
57
57
57
57
57
57
57
57
57
57
57
57
57
57
57
57
57
57
57
57
57
57
57
57
57
57
57
59
59
59
59
59
59
59
59
59
59
59
59
59
59
59
59
59
59
59
59
59
59
60
60
61
61
61
61
61
61
61
61
61
61
61
62
62
62
62
60
60
60
60
60
60
60
60
60
61
61
62
62
62
62
62
61
61
61
61
61
61
61
61
61
61
61
61
61
63
63
63
63
63
63
63
63
63
63
63
63
63
63
63
63
63
63
62
66
66
65
65
65
66
66
66
66
66
66
65
65
65
67
67
67
67
67
67
68
68
68
68
69
69
69
69
69
69
69
69
69
69
69
70
70
71
71
71
71
71
71
71
71
71
71
71
71
71
71
71
71
71
71
71
71
71
71
71
71
71
71
71
71
71
71
71
71
71
71
71
71
73
73
73
73
73
73
73
73
73
73
73
73
74
74
74
74
74
74
74
74
74
74
74
74
74
74
75
75
75
75
75
75
75
75
76
76
76
76
76
76
75
75
75
75
76
76
76
76
76
76
76
76
76
76
76
76
76
78
81
81
80
80
80
80
80
80
80
80
80
80
80
80
79
79
79
79
79
79
79
79
79
81
81
81
81
81
81
81
81
81
81
81
81
81
81
81
81
81
82
82
82
82
82
82
82
82
82
82
82
82
83
83
83
83
83
83
84
84
84
84
84
84
84
84
84
84
84
84
84
84
84
84
84
84
84
84
84
83
83
83
83
83
85
85
85
85
85
85
85
85
85
85
85
85
85
85
85
85
85
85
85
85
85
85
84
84
84
84
84
84
84
84
84
84
84
84
84
84
85
85
89
89
89
89
89
89
89
89
89
89
92
92
92
92
92
92
92
92
92
92
92
92
92
92
94
94
94
94
93
93
93
93
93
93
93
94
94
94
94
94
94
94
94
94
93
93
93
92
93
93
93
93
93
93
93
93
93
93
93
94
94
94
94
94
94
94
94
94
94
94
94
94
93
93
93
94
94
94
94
94
94
94
94
94
94
94
94
95
95
