0
0
0
2
2
6
6
6
6
6
6
6
5
3
2
1
1
1
3
2
2
2
2
2
1
1
1
1
1
1
1
1
1
1
1
3
2
2
1
1
1
1
1
1
1
1
1
1
1
3
3
3
3
5
5
5
7
7
6
6
6
8
8
10
14
14
14
14
14
14
14
14
14
14
14
16
16
16
16
18
18
18
18
18
18
18
18
18
18
20
20
20
20
20
20
19
19
19
21
20
20
20
20
20
20
20
20
22
22
22
22
22
22
22
22
22
22
22
22
22
22
22
22
22
22
22
22
24
26
26
28
28
28
30
30
29
29
29
29
29
29
31
33
32
34
34
33
35
35
35
35
34
33
33
33
33
33
35
37
36
36
36
36
36
36
36
36
36
36
36
36
37
37
37
39
39
39
39
39
40
40
40
40
40
40
40
40
40
40
40
40
40
40
40
40
40
40
42
42
42
44
44
44
43
45
45
45
45
45
45
45
45
45
45
44
44
44
44
44
44
44
46
46
46
48
48
48
48
48
48
48
48
48
52
52
52
52
54
54
54
56
56
56
56
56
56
56
56
56
56
60
60
60
59
61
61
61
63
65
67
69
69
70
70
72
72
72
72
76
76
76
76
75
77
77
77
78
77
77
76
78
78
78
78
78
78
78
78
80
79
79
79
81
81
81
81
81
81
81
81
81
81
83
83
83
85
85
85
85
85
85
85
85
87
87
86
86
86
88
88
88
88
88
88
88
90
90
92
92
92
92
92
92
94
94
94
94
94
94
94
98
100
99
101
103
103
103
103
103
103
103
103
103
103
103
103
103
103
103
103
103
103
103
103
103
103
103
103
103
103
103
103
105
105
105
105
105
105
105
105
107
107
107
107
109
109
109
109
109
109
109
109
109
109
109
109
109
109
109
111
111
111
111
111
111
111
111
110
110
112
112
112
112
112
112
112
112
112
112
112
112
112
112
112
114
114
114
114
114
114
114
114
114
114
114
118
118
118
118
120
120
120
120
120
120
119
119
119
119
118
118
118
118
118
120
120
120
120
122
126
126
126
126
126
126
126
126
126
126
126
127
127
127
127
127
127
127
127
127
127
127
127
127
127
127
127
127
127
127
127
127
127
127
127
127
127
127
129
131
131
131
131
131
131
131
131
131
133
139
139
139
139
139
139
139
139
139
139
140
140
140
146
146
146
148
150
150
152
152
152
152
154
154
154
154
154
154
156
156
158
158
158
158
158
160
160
160
160
162
162
162
161
161
161
161
163
163
163
163
163
163
163
165
165
165
165
165
165
167
167
167
167
167
167
167
167
169
169
169
169
169
169
169
173
172
172
172
172
172
172
172
172
172
172
172
171
171
171
173
173
173
175
175
179
179
181
181
181
181
181
185
187
187
187
189
189
189
189
189
189
189
189
189
191
191
191
191
191
197
203
204
204
204
204
204
204
204
204
204
204
204
206
206
206
206
206
208
208
208
208
208
208
208
208
208
208
208
208
208
208
207
207
207
207
207
207
209
209
211
211
210
210
210
210
210
210
210
210
210
210
210
210
210
210
210
210
214
214
214
214
214
213
213
215
215
215
215
215
215
215
215
215
215
214
214
216
216
216
216
216
216
217
219
219
221
221
221
221
221
223
223
223
223
223
223
223
225
227
227
227
226
226
226
226
226
226
226
230
230
230
230
230
232
232
234
234
236
236
236
238
241
241
241
241
241
245
245
245
245
245
247
247
247
245
245
245
245
245
245
245
244
244
244
244
244
248
248
248
248
248
254
256
256
258
260
260
260
260
260
260
260
260
260
260
260
260
260
260
264
264
264
264
264
264
264
264
266
266
266
266
266
266
266
266
266
266
266
266
268
268
268
272
272
272
274
274
274
274
274
274
274
274
274
274
274
274
274
274
274
274
274
274
274
274
274
274
274
274
274
274
273
273
275
281
281
281
281
281
281
283
283
283
281
281
281
281
283
287
287
287
286
286
286
286
286
286
286
286
286
286
286
286
286
285
285
287
287
287
287
287
287
287
287
287
287
287
287
289
289
289
289
291
290
290
290
290
290
290
290
290
290
292
292
292
292
292
294
294
294
294
294
294
294
294
294
294
294
294
292
292
292
292
292
292
292
292
294
294
294
294
294
296
298
298
298
300
300
300
300
300
302
304
304
306
306
306
306
305
305
309
309
309
311
313
313
313
313
313
313
313
313
313
313
312
316
318
317
319
319
319
319
319
319
319
319
319
319
319
319
319
319
319
321
320
320
320
320
322
321
321
323
323
323
323
323
323
323
323
327
327
329
329
331
331
331
331
331
331
333
333
333
335
335
335
336
336
340
340
340
340
340
342
342
342
342
342
342
342
344
344
348
348
348
350
350
350
350
350
350
350
350
350
350
350
350
350
352
352
352
352
352
352
352
352
351
351
353
353
353
353
353
353
353
353
353
353
353
353
353
355
355
361
361
361
361
361
361
361
361
361
361
361
361
361
361
361
360
360
360
362
362
362
362
362
362
364
366
368
368
368
368
368
368
370
370
370
372
372
372
372
372
372
372
372
372
372
372
372
374
374
374
374
374
374
374
374
374
374
374
374
374
374
374
376
376
378
380
380
380
380
380
380
380
380
380
380
382
384
384
388
390
390
390
390
392
392
394
394
394
394
394
396
396
396
398
402
402
404
404
403
403
403
403
403
403
403
403
403
403
403
403
403
403
403
403
403
405
405
405
405
405
405
405
404
404
406
406
406
406
406
406
406
408
407
407
407
407
407
407
407
407
407
407
409
409
409
409
409
409
409
409
409
409
411
411
411
411
411
413
413
413
413
413
413
414
414
416
418
418
420
420
420
420
420
421
423
423
423
423
423
423
423
423
423
423
423
423
425
425
425
425
425
424
424
424
424
424
424
424
424
424
424
426
426
425
425
425
425
425
425
425
425
425
425
425
425
429
431
431
431
431
431
431
431
431
431
431
431
433
433
435
435
435
435
435
435
435
435
435
435
435
435
437
437
437
437
441
441
441
441
441
441
443
443
443
443
444
444
446
448
448
448
448
448
448
450
450
450
450
450
450
452
454
456
459
459
459
461
465
465
465
465
465
465
463
463
463
463
465
466
466
466
466
468
470
472
476
480
480
482
484
484
484
484
484
490
490
492
492
492
492
492
494
494
494
494
496
496
498
498
498
498
498
500
500
500
500
499
501
501
501
501
501
501
503
503
503
503
503
503
503
503
503
502
502
502
502
504
504
504
504
504
504
504
504
504
504
504
506
506
506
506
506
506
506
506
508
509
509
509
509
509
509
509
509
509
509
509
509
509
509
511
513
513
513
515
515
517
517
517
519
519
519
519
519
519
521
521
521
522
522
522
522
522
522
522
522
522
522
524
524
524
524
524
528
528
528
528
529
529
528
528
528
528
530
530
530
530
530
530
530
530
530
530
530
530
532
532
532
534
534
534
536
536
536
542
542
544
544
544
548
548
548
548
548
548
548
548
548
548
548
548
550
550
550
550
552
552
557
557
557
557
557
557
557
557
557
557
557
559
559
559
559
559
559
559
561
561
561
561
561
561
561
561
561
563
565
565
563
563
563
563
563
563
563
563
563
565
567
567
568
568
568
568
570
570
570
570
574
574
574
574
574
574
574
574
574
574
574
573
573
577
577
577
577
576
576
576
576
576
576
580
580
580
580
580
580
580
580
580
582
582
582
582
582
582
582
582
582
582
582
582
582
582
581
581
581
581
581
581
583
583
583
583
583
583
583
587
587
589
589
591
591
591
591
591
591
591
591
591
591
591
591
595
595
595
595
597
597
597
597
597
597
597
599
599
598
598
598
598
598
598
600
600
600
600
610
610
610
610
610
614
614
618
618
618
618
618
618
620
620
620
619
619
619
619
619
619
619
621
621
621
621
621
621
621
621
621
623
623
623
623
623
623
623
624
624
626
626
626
628
632
632
632
632
632
632
632
632
632
632
632
632
632
632
634
634
634
634
634
634
633
633
633
633
633
635
635
635
635
635
635
637
637
637
637
637
639
639
639
639
639
639
639
639
639
639
639
641
641
640
640
640
640
640
640
640
646
648
652
652
652
652
652
654
654
654
654
654
654
654
654
654
654
656
656
656
655
655
655
657
661
661
665
665
665
665
665
665
665
665
663
663
663
663
663
663
663
663
663
663
663
663
663
663
663
663
663
663
663
663
669
669
669
669
669
668
668
668
668
668
668
670
672
672
672
672
671
670
672
672
672
672
672
672
672
674
674
674
674
674
674
674
674
674
674
674
674
674
676
678
678
678
678
678
678
678
678
680
682
682
682
682
682
682
682
682
682
682
682
686
686
686
686
686
686
685
683
685
685
685
685
687
687
687
687
689
689
689
689
689
689
689
689
689
689
689
689
688
688
688
690
692
692
694
694
694
694
694
694
694
694
694
694
696
696
696
696
696
696
696
696
696
698
698
700
700
700
700
700
700
700
700
700
700
702
702
706
708
710
710
710
710
712
711
711
711
711
711
711
711
711
711
711
711
711
711
711
711
712
712
712
712
712
712
714
714
714
714
716
716
716
718
718
720
720
720
720
720
720
726
726
726
728
728
728
730
730
730
730
730
730
730
730
730
732
732
734
734
734
734
734
733
733
733
733
733
733
733
733
733
733
737
737
737
737
737
737
737
737
739
739
741
741
741
741
741
741
741
741
741
741
741
743
743
743
743
745
745
745
745
745
745
745
745
745
745
747
747
747
747
749
749
749
749
749
751
751
753
753
753
753
753
753
753
753
753
753
755
755
755
755
755
755
754
754
758
760
760
760
760
760
760
760
760
762
762
762
762
761
763
763
762
764
766
766
766
766
766
768
768
768
768
768
768
768
768
768
768
770
770
772
772
772
772
774
774
774
774
774
774
774
774
774
774
774
774
774
774
774
778
778
778
778
778
778
778
778
778
778
778
778
778
780
780
780
780
780
780
780
780
780
780
780
780
780
780
780
780
780
780
780
782
782
782
782
782
782
782
782
782
782
782
781
781
785
785
785
787
789
789
791
795
797
799
801
803
803
803
805
805
805
805
805
804
804
804
804
804
804
804
804
804
804
804
804
804
806
806
806
810
810
810
810
810
810
818
818
818
818
818
818
818
818
818
818
818
818
818
818
818
817
817
817
817
817
817
817
817
817
817
816
820
820
820
820
820
820
820
820
820
820
820
824
824
828
828
828
827
827
827
827
831
831
839
839
839
839
839
839
843
843
843
843
842
842
842
842
841
841
841
841
841
841
841
841
841
841
841
845
845
845
849
849
849
853
853
853
856
856
856
856
860
860
860
860
860
860
860
860
860
864
868
868
872
872
872
876
880
880
880
880
880
880
880
880
880
880
880
880
880
880
880
880
880
880
880
880
884
888
888
888
888
892
892
892
892
892
892
892
892
892
892
892
892
892
892
892
892
892
892
892
892
892
892
892
892
891
891
891
891
891
891
899
899
899
899
899
899
899
899
899
899
899
899
899
899
899
899
899
899
899
899
907
907
907
906
906
910
910
910
910
914
914
914
913
913
913
913
913
913
913
913
917
917
917
917
917
917
917
917
921
921
921
925
925
929
929
929
929
929
929
933
933
933
933
933
933
937
937
937
937
937
937
937
937
937
941
940
940
940
940
940
944
944
944
948
948
948
948
948
952
952
952
956
956
956
956
956
956
956
956
956
956
960
960
960
960
960
960
960
968
968
968
968
968
972
972
972
972
972
972
972
972
972
972
972
972
972
972
972
972
972
972
972
972
972
972
972
972
972
972
972
972
972
972
972
972
972
972
971
971
971
971
971
971
971
971
971
971
971
971
971
971
971
971
971
975
975
975
973
977
977
981
981
981
981
981
981
981
981
981
981
981
981
981
981
985
985
985
985
985
985
985
985
985
985
985
985
985
985
985
989
989
989
989
989
993
993
993
997
997
1005
1005
1005
1009
1009
1013
1013
1013
1021
1021
1021
1021
1021
1021
1021
1021
1021
1021
1021
1021
1021
1021
1021
1021
1021
1021
1025
1029
1029
1029
1037
1041
1041
1045
1045
1045
1045
1049
1049
1049
1053
1053
1053
1053
1053
1053
1053
1053
1053
1053
1053
1057
1057
1057
1061
1061
1061
1061
1065
1065
1065
1065
1065
1065
1065
1065
1065
1069
1069
1073
1073
1073
1073
1073
1081
1081
1081
1081
1081
1081
1089
1093
1093
1093
1093
1093
1093
1093
1101
1105
1109
1109
1109
1109
1109
1109
1117
1117
1117
1117
1116
1116
1116
1116
1116
1116
1116
1120
1124
1124
1124
1128
1128
1132
1132
1132
1132
1132
1132
1132
1132
1132
1132
1132
1136
1136
1140
1140
1140
1139
1139
1139
1139
1139
1139
1139
1139
1139
1139
1139
1139
1139
1143
1143
1143
1143
1143
1143
1143
1143
1143
1143
1143
1143
1143
1143
1143
1143
1143
1147
1147
1147
1147
1147
1147
1147
1147
1147
1147
1147
1147
1147
1147
1147
1147
1147
1151
1155
1155
1159
1159
1159
1159
1159
1163
1163
1163
1163
1163
1163
1163
1167
1167
1167
1167
1167
1167
1167
1171
1171
1175
1175
1175
1179
1179
1179
1179
1179
1179
1178
1178
1178
1178
1178
1178
1178
1181
1181
1181
1185
1185
1185
1184
1184
1184
1184
1184
1184
1184
1184
1188
1188
1188
1196
1196
1196
1196
1196
1196
1200
1200
1200
1200
1200
1200
1200
1200
1200
1200
1200
1200
1204
1203
1203
1203
1203
1203
1203
1203
1203
1207
1207
1207
1207
1207
1211
1211
1211
1211
1211
1211
1211
1211
1211
1211
1211
1211
1211
1211
1215
1215
1215
1215
1215
1215
1215
1215
1215
1215
1215
1219
1223
1223
1223
1223
1223
1231
1231
1231
1231
1231
1231
1231
1231
1235
1235
1238
1246
1246
1250
1250
1250
1250
1250
1250
1250
1250
1254
1254
1254
1254
1254
1254
1254
1254
1254
1254
1254
1258
1258
1258
1258
1258
1266
1270
1270
1270
1270
1270
1270
1270
1270
1270
1270
1270
1270
1270
1270
1270
1270
1278
1278
1282
1282
1282
1282
1282
1281
1281
1281
1281
1281
1281
1281
1281
1281
1281
1285
1285
1285
1285
1289
1289
1289
1293
1293
1293
1301
1301
1300
1300
1300
1300
1299
1299
1299
1299
1299
1299
1299
1299
1299
1299
1299
1299
1299
1299
1299
1299
1299
1299
1298
1298
1310
1314
1314
1314
1314
1314
1314
1314
1314
1314
1314
1314
1318
1322
1322
1322
1326
1326
1326
1326
1326
1330
1330
1330
1330
1330
1330
1334
1334
1334
1334
1334
1334
1334
1334
1334
1338
1338
1338
1338
1342
1342
1342
1342
1342
1342
1342
1346
1346
1346
1346
1346
1346
1346
1346
1346
1346
1346
1346
1346
1346
1346
1350
1350
1350
1350
1354
1358
1362
1362
1362
1362
1362
1362
1362
1362
1362
1362
1362
1362
1362
1368
1368
1368
1368
1371
1371
1371
1371
1371
1374
1374
1374
1374
1374
1374
1374
1374
1374
1374
1374
1380
1383
1383
1383
1383
1383
1383
1386
1386
1386
1389
1388
1388
1391
1391
1391
1391
1391
1394
1394
1394
1394
1394
1394
1394
1394
1394
1394
1394
1394
1397
1397
1397
1400
1400
1403
1403
1403
1403
1406
1406
1406
1406
1406
1406
1406
1406
1406
1409
1412
1412
1415
1415
1415
1415
1415
1415
1415
1415
1415
1418
1418
1418
1421
1421
1421
1421
1421
1421
1421
1424
1424
1427
1427
1430
1430
1430
1433
1436
1435
1435
1438
1438
1438
1438
1438
1438
1438
1441
1441
1441
1441
1441
1441
1441
1441
1441
1441
1441
1441
1441
1441
1441
1441
1441
1441
1441
1444
1444
1444
1447
1450
1450
1450
1453
1453
1453
1453
1453
1453
1453
1453
1453
1453
1453
1453
1456
1459
1462
1462
1462
1462
1462
1462
1462
1462
1465
1465
1470
1473
1473
1473
1473
1473
1476
1476
1482
1482
1482
1482
1488
1488
1488
1488
1488
1488
1491
1491
1491
1494
1494
1494
1494
1497
1497
1497
1497
1497
1497
1497
1497
1497
1497
1497
1497
1497
1497
1500
1500
1503
1503
1503
1503
1502
1502
1502
1502
1502
1502
1502
1502
1502
1505
1505
1508
1511
1511
1511
1511
1514
1514
1514
1520
1520
1520
1520
1520
1520
1520
1520
1520
1520
1520
1520
1520
1522
1522
1522
1522
1522
1522
1522
1522
1522
1522
1524
1526
1526
1526
1526
1526
1526
1528
1530
1530
1529
1531
1530
1530
1532
1534
1534
1534
1534
1534
1534
