0
2
2
4
4
8
13
21
21
21
21
21
21
21
25
25
29
35
35
35
35
35
35
35
35
35
41
41
41
41
43
43
43
43
45
51
53
55
55
57
59
59
59
59
61
63
65
65
69
69
71
71
71
73
73
73
75
75
75
75
77
77
77
77
81
81
87
87
87
87
89
89
89
93
93
93
93
93
93
101
101
101
103
107
107
107
111
111
113
113
115
117
117
117
119
119
121
123
123
125
125
125
125
125
127
129
129
133
135
147
147
151
155
157
157
157
159
159
159
163
163
163
165
165
165
165
165
167
167
171
173
173
175
175
179
183
183
187
187
189
189
189
193
195
195
197
197
197
203
203
203
207
207
207
209
209
215
215
219
218
218
218
218
218
220
220
220
222
228
228
230
232
232
232
232
232
232
232
232
234
234
240
240
240
240
242
244
244
244
246
246
246
246
250
252
252
258
258
260
260
260
260
262
264
264
270
270
270
270
272
276
276
276
276
276
280
282
282
282
282
282
282
282
284
284
284
286
286
286
288
287
289
289
289
289
297
297
299
301
301
301
301
303
303
303
303
303
303
303
309
309
311
311
313
315
315
315
315
315
315
315
317
317
317
321
327
327
327
327
329
333
333
333
333
337
347
347
351
355
359
359
361
361
361
363
363
365
365
365
365
365
365
367
367
367
375
375
375
379
383
383
385
387
391
391
391
391
395
397
397
397
401
409
411
415
415
417
417
419
419
419
421
421
421
421
421
421
423
423
423
425
425
425
425
425
425
425
425
425
425
431
431
431
431
433
435
435
437
439
441
443
443
443
447
449
451
457
457
457
457
457
457
463
465
467
467
467
469
469
471
471
473
475
475
475
475
475
475
475
475
477
479
479
479
481
485
485
485
485
485
485
489
489
489
492
495
495
495
495
498
498
498
498
498
498
498
498
498
498
498
498
498
498
498
498
498
498
498
498
498
498
501
501
504
504
504
504
504
504
504
504
507
507
507
507
507
507
510
510
510
510
510
510
510
510
510
510
510
510
510
510
510
510
510
510
510
510
510
510
510
510
513
513
513
513
513
513
513
513
513
513
513
513
513
513
513
513
513
513
513
513
513
513
513
516
516
516
516
516
516
519
525
525
525
525
525
525
525
525
525
525
525
525
525
525
525
525
525
525
525
525
525
525
525
528
528
528
528
528
528
528
528
528
528
528
528
528
528
528
528
528
537
537
537
537
537
537
537
537
537
537
537
537
537
537
537
537
537
537
537
537
537
537
537
537
537
537
540
540
540
540
540
540
540
543
546
546
546
546
549
549
549
549
549
549
549
549
549
549
549
552
552
552
552
552
552
552
552
552
552
552
552
552
552
552
552
552
552
552
552
552
552
552
552
555
555
555
555
555
555
555
555
555
555
555
555
555
555
555
555
555
555
558
558
558
558
558
558
558
558
558
558
558
558
558
558
558
558
558
558
558
558
561
561
561
561
561
561
561
561
561
561
561
561
561
561
564
564
564
564
564
564
564
564
564
564
564
567
567
570
570
570
570
573
573
573
573
576
576
576
576
576
576
576
576
576
576
576
576
576
576
576
579
579
579
579
579
579
579
579
579
582
582
582
582
582
582
582
582
582
582
582
588
588
588
588
588
588
588
588
588
588
588
588
588
588
588
588
588
588
588
588
588
588
588
588
588
588
588
588
588
588
588
588
588
588
588
588
588
591
591
591
591
591
591
591
591
591
591
591
591
591
591
591
591
591
591
591
591
591
591
591
591
594
594
594
594
594
594
594
594
594
594
594
594
594
594
594
594
594
594
594
594
594
594
594
594
594
594
594
594
594
594
594
594
594
594
594
594
594
594
594
594
594
594
594
594
594
594
594
594
594
594
594
594
594
594
594
594
594
594
594
594
594
594
594
594
594
594
594
594
594
594
594
594
594
594
594
594
594
594
594
594
594
594
594
594
594
594
594
594
594
594
594
594
594
594
594
594
594
594
594
594
594
594
594
594
594
594
594
594
594
597
597
597
597
597
597
597
600
600
600
600
600
600
600
600
600
600
603
603
603
603
603
603
606
606
606
606
606
606
606
606
606
609
609
609
609
609
609
609
612
612
612
612
612
612
612
615
615
615
615
615
615
615
615
615
615
615
618
618
621
621
621
621
621
621
621
621
621
621
621
621
621
621
621
621
621
621
621
621
627
627
627
627
627
627
627
627
627
627
627
627
630
630
630
630
630
630
630
630
630
630
630
630
630
630
630
630
630
630
633
633
633
633
633
633
633
633
633
633
633
633
633
633
633
633
633
633
633
633
633
633
633
633
633
633
633
633
633
633
633
633
633
633
633
633
633
633
633
633
633
633
633
633
633
633
633
633
633
633
633
639
639
639
639
639
639
642
642
642
642
642
642
642
642
642
642
642
642
642
642
642
642
642
642
642
642
642
642
645
645
645
645
645
645
645
645
645
645
645
645
648
648
648
648
648
648
648
648
648
651
651
651
651
651
651
651
651
651
651
651
651
651
651
651
651
651
651
651
651
651
651
651
651
651
654
657
657
657
657
657
657
657
657
657
660
660
660
660
660
660
660
660
663
663
666
666
666
666
666
666
666
666
666
666
669
669
669
669
669
672
672
672
672
672
672
672
672
672
672
672
672
672
672
672
672
672
672
672
672
672
672
672
672
672
672
672
672
672
672
675
675
675
675
675
675
675
675
675
675
675
675
675
675
675
675
675
675
675
675
675
675
675
675
675
675
675
675
675
675
675
675
678
678
678
678
678
678
678
678
678
678
678
678
678
678
678
678
681
681
681
681
681
681
681
681
681
681
681
681
681
681
681
681
681
681
681
681
681
684
687
687
687
687
687
687
687
687
687
693
693
693
693
693
693
693
693
693
693
693
696
696
696
696
696
696
696
696
696
696
696
696
696
696
696
696
696
696
699
699
699
699
699
699
699
699
699
699
699
699
699
699
699
699
699
699
702
702
702
702
702
702
702
702
702
702
702
702
702
702
702
702
705
705
705
705
705
705
705
705
707
707
707
709
709
709
709
709
709
709
709
709
709
711
711
711
711
711
711
711
711
711
711
711
711
711
711
711
711
711
711
711
711
711
711
711
711
711
711
711
711
711
711
711
711
711
711
711
711
711
711
711
711
711
711
711
711
711
711
711
711
711
711
711
713
713
713
713
713
713
715
715
715
715
715
715
715
715
715
715
715
715
715
717
717
719
719
719
719
719
719
719
719
719
719
719
719
719
719
719
719
719
719
719
719
719
719
719
719
719
719
719
719
721
721
721
721
721
721
721
721
721
723
723
723
723
723
723
723
723
723
723
723
723
723
723
723
723
723
723
723
723
723
723
725
725
725
725
725
725
725
727
727
727
727
727
727
727
727
727
729
729
729
729
729
729
729
729
729
729
729
729
729
729
729
729
729
729
729
729
729
729
729
729
729
729
731
731
731
731
731
731
731
731
731
731
731
731
731
731
731
731
731
731
731
731
731
731
731
731
731
731
731
731
731
731
731
731
731
731
733
733
733
733
735
735
735
735
735
735
735
735
735
735
735
737
737
737
737
