911
2
2
2
4
4
4
3
7
7
8
8
8
8
8
8
10
12
12
12
12
12
14
15
15
16
18
19
21
21
21
21
21
21
21
21
23
23
23
25
25
25
27
27
27
27
27
27
26
28
28
28
28
30
34
34
34
36
36
35
37
37
39
41
41
45
47
47
46
45
45
45
49
49
49
49
49
51
51
50
50
50
50
50
52
52
56
56
56
58
58
60
62
66
66
66
68
68
70
70
72
72
72
72
72
72
71
71
71
71
71
71
73
75
77
81
81
81
81
81
81
83
85
85
85
85
91
93
93
93
93
93
93
93
99
101
103
103
103
103
103
103
103
103
103
105
104
104
104
104
104
104
104
104
108
110
110
110
110
112
112
112
112
112
112
112
112
112
114
114
120
122
122
122
122
124
124
123
123
125
129
131
131
131
131
131
131
131
131
131
130
134
134
138
140
140
141
141
141
141
141
141
141
141
141
147
149
149
151
151
151
151
151
151
151
151
160
160
159
159
159
159
161
165
165
165
165
165
165
165
165
165
167
167
167
167
169
169
169
173
175
179
179
181
181
181
181
181
185
185
185
185
187
189
188
188
188
188
190
190
190
192
192
192
192
194
194
194
194
196
196
196
196
196
196
195
195
195
197
197
197
197
197
197
197
197
199
199
199
201
201
201
201
201
205
205
207
207
209
209
209
209
209
209
209
211
213
213
213
213
213
213
213
213
213
213
213
213
213
213
213
213
215
215
217
217
217
217
221
221
221
221
221
223
223
227
229
229
231
231
231
231
231
233
233
233
233
233
233
233
235
235
237
239
239
239
239
239
239
239
241
241
241
241
243
243
245
247
247
249
249
251
251
250
250
254
254
256
256
256
262
262
262
262
261
261
261
261
261
261
263
263
267
267
271
271
271
271
271
271
273
273
275
275
275
277
279
279
279
281
281
283
283
283
283
283
283
283
283
289
292
292
292
292
292
292
292
292
292
292
292
295
295
295
295
298
304
304
304
304
304
304
304
307
307
310
313
316
322
322
322
322
322
322
322
325
325
325
325
325
325
325
325
334
333
333
333
333
333
333
333
333
333
333
333
333
333
345
344
344
344
344
344
353
353
353
353
353
353
356
356
356
356
356
356
356
356
359
359
365
365
368
368
368
368
368
368
371
374
377
383
383
386
392
392
392
392
392
392
392
392
395
395
395
398
401
407
410
410
410
410
410
409
409
409
409
412
412
412
430
430
430
430
432
432
432
432
432
432
432
438
438
441
447
450
449
449
449
452
452
452
452
458
464
464
464
467
470
470
470
476
476
476
476
476
476
476
476
479
479
482
481
481
481
487
487
487
487
487
496
496
499
499
502
508
508
508
511
511
511
510
510
510
510
510
528
528
537
537
543
543
543
543
543
543
543
543
546
546
545
548
554
554
554
554
554
554
554
554
554
554
554
554
553
553
556
556
556
556
556
556
556
559
559
559
559
562
562
565
565
565
567
573
573
576
576
579
582
582
582
582
582
582
582
594
594
594
594
594
594
594
594
594
594
597
597
597
603
603
603
606
606
609
609
609
609
609
609
615
615
615
615
618
618
618
618
624
624
624
624
624
624
624
624
623
626
626
635
638
641
641
644
644
644
644
644
644
646
652
658
661
661
661
661
661
661
661
661
661
661
661
661
667
667
667
667
670
673
673
673
673
673
676
676
679
679
679
679
679
682
685
685
688
691
691
691
691
691
694
694
694
694
694
694
694
697
699
699
705
714
714
714
714
714
716
716
716
716
716
716
718
718
718
717
719
719
719
719
719
719
725
725
729
729
729
729
733
733
735
735
735
735
736
738
738
738
738
738
738
740
740
742
742
742
742
744
744
744
744
744
744
743
745
745
745
745
745
745
745
747
747
747
749
749
757
757
757
757
759
761
761
761
761
761
761
763
763
767
767
771
771
773
773
773
773
773
773
773
775
775
777
777
779
779
779
781
781
781
781
781
781
781
781
781
783
783
783
783
783
783
783
783
783
785
785
787
787
787
788
788
789
789
790
790
790
790
790
790
791
792
792
792
792
793
793
794
794
794
794
794
794
795
795
795
795
795
796
797
797
797
797
798
798
798
799
799
799
799
799
799
799
799
799
799
799
799
799
799
799
799
800
801
801
801
801
802
802
803
803
804
804
804
805
805
806
809
809
809
809
810
810
809
809
809
809
809
812
813
813
813
814
814
814
815
815
815
815
818
818
819
820
820
820
820
820
820
823
823
823
826
826
826
826
826
826
826
826
826
826
826
826
826
826
829
829
832
832
832
832
832
832
832
838
838
839
839
840
840
840
841
842
843
846
846
846
849
849
849
849
849
849
848
848
848
851
850
850
850
853
853
853
853
853
856
857
857
857
858
858
858
858
858
861
862
863
867
867
867
867
867
867
867
867
865
866
866
866
866
866
866
867
867
867
868
868
868
869
870
870
871
871
871
871
871
872
873
873
873
873
873
873
873
873
873
873
873
873
873
873
873
873
873
874
874
874
874
877
877
877
877
877
877
877
877
877
876
879
879
879
879
879
879
879
880
880
880
881
881
881
882
882
882
882
882
882
885
886
886
886
886
889
889
889
889
889
889
889
889
888
888
891
892
893
894
894
894
894
894
898
898
898
898
898
898
898
898
898
898
899
899
899
899
900
900
900
900
900
900
900
900
900
903
903
903
903
904
905
905
905
905
904
908
909
909
909
909
909
910
911
911
911
911
911
911
911
911
911
911
911
911
911
911
911
911
911
911
911
911
911
911
911
911
911
911
911
911
911
911
911
911
911
910
910
910
910
910
913
913
913
913
913
913
913
913
913
913
913
913
913
913
913
913
913
913
913
913
913
913
913
913
913
913
912
912
912
912
912
912
912
912
912
912
912
912
912
912
912
912
912
912
912
912
912
912
912
912
912
912
912
912
912
912
911
911
911
911
911
911
911
911
911
911
911
911
911
911
911
911
911
911
911
911
911
911
911
911
911
911
911
911
911
911
911
911
911
911
911
911
911
911
911
911
911
911
911
911
911
911
911
911
911
911
911
911
911
911
911
911
911
911
911
911
911
911
911
911
911
911
911
911
910
910
910
910
911
911
911
911
911
911
911
911
911
911
911
910
910
911
911
911
911
911
911
911
911
911
911
911
911
910
911
911
911
911
911
911
911
911
911
911
911
911
911
911
911
911
911
911
911
911
911
911
911
911
911
911
911
911
911
911
911
911
911
911
911
911
911
911
911
911
911
911
911
911
911
911
911
911
911
911
911
911
911
911
911
911
910
910
911
911
911
911
911
911
911
911
911
910
910
910
910
910
913
913
913
913
913
913
913
913
913
913
912
912
912
912
912
912
912
912
912
912
912
912
912
912
912
912
912
912
912
912
912
912
912
912
912
912
912
912
912
912
912
912
911
911
911
911
911
911
911
911
911
911
911
910
910
911
911
911
910
911
911
911
911
911
911
911
911
911
911
911
911
911
910
910
911
911
911
911
911
911
911
911
911
911
911
911
911
911
911
911
911
911
911
911
911
911
910
911
911
911
911
911
911
911
911
911
911
911
911
911
911
911
911
911
911
911
911
911
911
911
911
911
911
910
910
911
911
911
911
911
911
