724
724
0
0
0
0
0
0
0
0
0
0
0
0
0
0
0
0
0
3
3
3
3
3
6
9
9
9
9
9
12
15
15
15
18
18
18
18
21
21
21
24
24
24
24
33
33
33
33
33
33
33
36
36
39
39
39
48
48
48
51
54
57
60
72
75
75
75
75
77
77
77
83
83
89
89
89
95
98
98
98
98
98
98
98
98
104
107
110
110
110
110
110
113
116
116
134
134
140
140
140
143
143
143
143
143
146
146
147
146
146
146
149
149
152
161
161
161
161
161
161
161
161
161
161
161
164
164
164
170
173
173
173
173
179
182
185
188
188
188
188
188
188
188
188
188
191
197
197
197
197
197
200
200
200
206
206
206
206
206
206
206
209
209
209
209
209
209
209
212
212
212
212
212
211
214
214
214
217
217
220
220
220
220
223
223
232
232
232
232
232
232
232
232
232
238
238
238
238
244
244
244
247
247
247
247
247
250
253
253
253
256
256
256
265
265
265
265
265
265
265
263
263
263
266
266
269
269
269
278
278
278
278
278
278
278
278
278
278
281
281
281
281
281
284
287
290
290
293
293
293
293
293
293
293
293
293
296
299
305
305
305
305
305
308
320
320
320
320
323
323
323
323
323
323
326
332
335
335
335
335
338
338
338
341
341
341
344
347
347
347
347
347
347
347
347
347
350
353
353
353
353
353
353
358
358
358
358
358
358
358
361
364
364
364
364
364
364
364
363
363
363
363
363
366
366
372
372
372
375
375
375
375
375
378
378
378
378
378
378
378
378
381
384
384
384
387
387
387
387
387
387
387
387
387
387
387
387
387
387
387
387
387
390
390
390
399
399
399
399
399
399
399
399
402
402
402
402
402
405
405
408
408
408
408
408
408
408
408
408
411
411
411
411
411
411
411
411
414
414
414
417
417
417
417
417
417
420
420
432
438
438
444
444
443
443
443
443
443
443
461
461
464
464
464
464
464
470
470
470
470
476
476
476
476
476
476
482
485
485
485
485
488
488
488
488
491
491
491
491
491
491
491
491
491
491
491
491
491
491
491
494
494
494
494
494
494
494
494
494
494
494
500
500
500
506
509
509
509
509
509
509
509
512
512
512
512
512
512
515
515
515
515
518
518
521
521
521
521
521
521
521
533
533
533
533
536
536
536
539
542
545
551
554
554
554
554
557
560
563
566
566
565
565
565
565
565
565
571
571
571
571
571
571
571
571
571
571
571
571
571
571
574
574
574
574
574
583
583
586
586
586
589
589
589
589
589
589
589
589
589
589
595
601
601
601
601
601
601
601
601
601
601
601
601
601
601
601
601
601
601
601
601
601
600
601
601
601
602
602
602
602
602
602
602
602
602
602
602
602
605
605
605
605
606
606
606
606
606
606
606
606
606
606
606
606
606
606
606
606
607
607
607
607
607
607
607
607
607
607
607
607
607
607
607
607
607
607
607
608
608
608
608
608
609
609
609
609
609
609
610
610
610
610
610
610
610
611
611
611
611
611
611
611
611
612
612
612
612
612
612
612
612
612
612
612
612
612
612
612
612
613
613
613
613
613
613
613
613
613
613
613
614
614
614
614
614
615
615
615
615
615
615
615
615
615
615
615
615
615
615
615
615
616
616
616
616
616
616
616
616
616
616
616
616
616
616
616
616
616
616
619
619
619
619
619
619
619
622
622
622
622
623
623
623
623
623
623
623
623
623
623
624
625
624
624
624
624
624
624
624
624
624
624
624
624
624
627
627
627
627
627
627
627
627
627
627
627
627
627
628
628
628
628
628
628
628
628
628
628
628
628
628
628
628
628
630
630
630
630
630
630
630
630
630
630
630
630
630
630
631
631
631
631
631
631
631
631
631
631
631
631
631
631
631
631
631
631
631
631
631
631
630
630
630
630
630
630
630
630
630
630
630
630
630
630
630
630
631
631
631
632
632
632
631
631
631
632
632
632
632
632
633
633
633
633
633
633
633
633
633
633
633
633
633
633
635
635
635
635
635
635
635
635
635
635
635
635
634
634
634
634
634
634
634
634
634
634
634
634
634
634
634
636
636
636
636
636
636
637
637
637
637
637
637
637
637
637
637
637
637
637
637
637
637
637
637
637
637
636
636
636
636
636
636
636
636
636
636
636
636
636
636
636
636
636
636
637
637
637
637
637
637
637
637
637
637
637
637
637
637
637
637
637
637
637
637
638
638
638
638
638
638
638
638
638
638
638
638
638
638
638
638
638
638
638
639
639
640
640
640
640
640
640
639
639
639
639
639
639
639
639
639
639
639
639
639
639
639
639
639
639
639
639
639
639
639
639
639
639
639
639
639
639
639
639
639
638
638
638
638
638
638
638
638
639
639
639
639
639
639
638
638
638
638
638
638
638
638
638
638
638
638
638
638
638
638
638
638
638
638
638
638
638
638
638
638
639
639
639
639
639
639
639
639
639
639
639
640
640
640
640
639
639
639
639
639
639
639
639
639
639
639
639
639
639
639
639
639
639
639
639
639
639
640
640
640
640
640
640
641
641
641
641
641
641
641
641
642
642
644
644
644
644
644
644
644
644
644
644
644
644
644
644
644
644
644
644
644
644
644
644
644
644
644
644
644
644
644
644
644
644
644
645
645
645
645
645
645
645
645
645
645
645
645
645
645
645
646
646
646
646
646
646
646
646
646
646
646
646
646
646
646
646
646
646
646
646
646
646
646
647
647
647
649
649
650
650
650
650
650
650
650
650
650
650
650
650
650
650
650
650
650
650
650
650
650
650
650
650
650
650
650
650
650
650
650
650
650
650
650
650
650
650
650
650
650
650
650
650
650
650
650
650
650
650
650
650
650
650
651
651
651
651
651
651
651
651
651
651
651
651
651
651
650
650
650
650
650
650
650
650
650
650
650
650
650
650
650
650
650
650
650
650
650
651
651
651
651
651
651
651
651
651
651
651
651
651
651
651
651
651
651
651
653
653
653
653
654
654
654
654
654
654
654
654
654
654
654
654
654
654
654
654
654
654
654
655
655
657
657
657
657
657
657
656
656
656
657
657
657
657
657
657
657
657
657
657
657
657
657
657
657
658
658
658
658
658
658
658
658
658
658
658
662
662
662
662
663
663
663
663
663
662
662
662
662
663
663
663
663
663
663
663
663
663
663
663
663
663
663
663
663
663
663
663
663
663
663
663
663
663
663
664
665
665
665
665
665
665
665
665
665
665
665
665
665
665
665
666
666
666
666
666
666
666
666
666
666
666
666
665
665
665
665
666
666
666
666
666
666
666
665
665
665
665
665
665
665
665
665
665
665
665
665
665
665
665
665
666
666
666
666
666
666
666
666
666
666
667
667
667
667
667
667
667
667
667
667
667
667
667
667
667
667
667
667
667
667
667
667
667
667
667
667
667
668
668
668
668
668
668
668
668
668
668
668
667
667
667
667
667
667
667
667
667
667
667
667
667
667
667
666
666
666
666
666
665
665
665
665
665
665
665
665
665
665
665
665
665
665
665
665
665
665
665
665
665
665
665
665
665
665
665
665
665
665
665
665
665
665
665
665
665
665
667
667
667
667
667
667
667
667
667
667
667
667
667
667
667
669
669
669
669
669
669
669
669
669
669
669
669
669
669
671
671
671
671
671
671
671
671
671
671
672
672
672
672
672
672
672
672
672
672
672
672
672
672
672
672
672
672
672
672
672
672
672
674
674
674
674
675
675
675
675
675
675
675
675
675
675
675
675
675
674
674
674
674
675
675
675
676
676
676
677
677
677
677
677
677
677
677
677
677
677
677
677
676
676
676
676
676
676
676
676
676
676
676
676
676
676
676
676
677
677
676
676
676
676
676
676
676
676
676
676
676
676
676
676
676
676
676
676
676
676
676
676
676
676
676
676
676
677
677
677
676
676
676
676
676
676
676
676
677
677
677
677
677
677
677
677
677
677
677
676
676
676
676
676
676
676
676
676
676
676
676
676
676
676
676
676
676
675
675
675
675
675
675
675
675
675
675
675
675
675
675
675
675
675
675
675
675
677
678
678
678
678
678
680
680
680
680
680
680
680
680
680
680
680
680
680
680
680
680
680
680
679
680
680
680
680
680
680
679
679
679
679
680
680
680
680
680
681
681
681
681
681
681
681
681
681
681
681
681
682
682
682
682
682
682
682
682
682
682
682
682
682
682
682
682
682
682
682
682
682
682
682
682
682
682
682
682
682
682
682
682
682
682
682
682
684
684
684
684
684
684
684
684
684
684
684
684
684
684
684
684
684
684
684
684
684
684
684
684
683
683
683
683
683
683
682
682
682
682
682
682
682
682
682
682
682
682
682
682
682
682
682
682
681
681
681
681
681
681
681
681
681
681
681
681
681
681
681
681
681
681
681
681
681
681
681
681
681
682
682
682
682
682
682
682
682
682
682
682
682
682
682
682
682
682
682
682
682
682
682
684
684
684
684
684
684
684
684
684
683
683
683
683
683
683
683
684
684
684
684
684
684
684
684
685
685
687
687
687
686
687
687
687
687
687
690
690
690
690
690
690
690
690
690
690
690
690
690
690
690
690
690
690
691
691
693
693
693
693
693
694
694
694
694
694
694
694
694
694
694
694
694
694
694
694
694
694
694
694
694
695
695
695
695
695
697
697
697
697
697
697
697
697
697
697
697
697
697
697
697
697
697
697
697
698
697
697
697
697
697
697
698
697
697
697
697
697
697
697
697
697
697
697
697
697
697
697
697
697
697
697
697
697
699
699
699
699
699
699
699
699
699
700
700
700
700
700
701
701
701
701
701
702
702
702
703
703
703
702
702
702
702
702
702
702
702
702
702
702
702
702
704
704
704
704
704
704
704
704
704
703
704
704
704
704
704
704
704
704
706
706
706
706
706
706
706
706
706
706
706
708
707
707
707
707
706
706
706
706
706
706
706
706
706
706
708
708
708
708
708
708
708
708
708
708
708
709
709
709
709
709
709
709
709
709
709
709
710
710
710
710
710
710
711
711
711
711
712
712
712
713
713
713
713
713
713
713
713
713
711
711
711
711
711
711
711
711
711
711
712
712
712
712
711
711
711
711
711
711
711
711
711
711
710
710
710
710
711
711
711
711
711
711
711
711
711
711
711
710
710
710
711
711
711
711
711
711
711
711
711
711
711
711
711
711
711
711
713
713
713
713
713
713
713
713
713
713
713
713
713
714
714
714
714
714
714
714
714
715
715
715
715
715
715
715
715
715
715
715
715
715
715
715
715
714
714
714
715
715
717
717
719
719
719
719
719
719
719
719
719
719
719
718
718
718
718
718
718
718
718
718
718
718
718
718
718
718
718
718
718
718
718
719
719
719
719
719
719
719
719
719
719
719
719
719
719
719
719
719
719
719
721
722
722
722
722
722
722
722
722
722
722
722
722
722
722
724
724
724
724
724
724
724
725
725
725
725
725
725
725
725
725
725
725
725
725
725
725
725
725
725
725
725
725
725
725
725
725
725
725
725
725
725
725
725
725
725
725
725
725
725
725
725
725
725
725
725
725
725
725
725
725
725
725
725
724
724
724
724
724
724
725
725
725
725
725
725
725
725
725
725
725
725
725
725
725
725
725
725
725
725
725
725
725
725
725
725
725
725
725
725
725
725
725
725
725
725
725
723
723
723
723
723
723
723
723
722
722
722
722
722
722
721
721
721
721
721
721
721
721
721
721
721
721
721
721
721
721
721
721
721
721
721
721
721
721
721
721
721
721
721
721
721
721
721
721
721
721
722
722
722
722
722
723
723
723
723
723
723
723
723
723
723
725
725
725
725
725
725
725
725
725
725
725
725
725
725
725
725
725
725
725
725
725
725
725
725
725
725
725
725
725
725
725
725
725
725
725
725
725
725
725
725
725
725
725
723
723
723
723
723
722
723
723
723
726
726
726
726
726
726
726
726
726
726
726
726
726
726
726
726
726
726
726
726
726
726
726
725
725
725
725
725
724
724
724
724
724
724
724
724
724
724
724
724
724
725
725
725
725
725
725
725
725
725
724
724
724
724
724
724
724
723
722
722
722
722
722
722
722
722
721
721
721
721
721
721
721
721
721
721
721
721
721
721
721
721
721
721
721
721
721
721
721
720
721
721
721
722
722
722
722
722
722
722
722
722
722
722
722
722
722
722
722
722
722
722
722
722
722
723
723
723
723
723
723
723
724
724
724
724
723
723
723
723
723
723
723
723
723
723
723
723
723
723
723
723
724
724
724
724
724
724
724
724
724
724
724
724
724
726
726
726
726
726
726
726
726
726
726
726
726
726
726
726
726
726
726
726
726
726
726
726
726
726
726
726
726
726
726
726
726
726
726
726
726
726
726
726
726
726
726
726
726
726
726
726
726
726
726
726
726
726
726
726
726
726
726
726
726
726
726
726
726
726
726
726
726
726
726
726
726
726
726
726
726
726
726
726
726
726
726
726
726
726
726
726
726
726
726
726
726
726
726
726
726
726
726
726
726
726
726
726
726
726
726
726
725
725
725
725
725
725
725
725
725
725
725
725
723
723
723
723
722
722
722
722
722
722
722
722
722
722
722
722
722
722
722
722
723
723
723
723
723
723
723
723
723
723
723
723
723
723
723
723
723
723
723
724
724
724
724
724
724
724
724
724
723
723
723
723
723
722
722
722
722
722
722
722
722
722
722
722
722
722
722
722
723
723
723
723
723
723
724
724
724
724
724
723
723
723
723
723
724
724
724
726
726
726
726
726
726
726
726
726
726
726
726
726
726
726
726
726
726
726
726
726
726
726
726
726
726
726
726
726
726
726
726
726
726
726
726
726
726
726
726
726
726
726
726
726
726
726
726
726
726
726
726
726
726
726
726
726
726
726
726
726
726
726
726
726
726
726
726
726
726
726
726
726
726
726
726
726
726
726
726
726
726
726
726
726
726
725
725
725
725
725
725
725
725
725
725
725
725
725
725
725
725
725
725
725
725
725
725
725
725
725
725
725
725
725
725
725
725
725
725
725
725
725
725
725
725
725
725
725
725
725
725
725
725
725
725
725
725
725
725
725
725
725
725
725
725
725
725
725
724
724
724
724
724
724
724
724
724
724
724
724
724
724
724
724
724
724
724
724
724
724
724
724
724
724
724
724
724
724
724
724
724
724
725
725
725
725
725
725
725
725
725
724
724
724
724
724
724
724
724
724
724
724
724
724
724
724
724
724
724
724
724
726
726
726
726
726
726
726
726
726
726
726
726
726
726
726
725
725
725
725
725
725
725
725
725
725
725
725
725
725
725
725
725
725
725
725
725
725
725
725
725
725
725
725
725
725
725
725
725
725
725
725
725
725
725
725
725
725
725
725
725
725
725
725
725
725
725
725
725
725
725
725
725
725
725
725
725
725
725
725
725
725
725
725
725
725
725
725
725
725
725
725
725
725
725
725
725
725
725
725
725
725
725
725
725
725
725
725
725
725
725
725
725
725
725
725
725
725
725
725
725
725
725
725
725
725
725
724
724
724
724
724
724
724
724
724
724
724
724
723
723
724
724
724
724
724
724
724
724
724
724
724
723
722
722
722
722
722
722
722
722
722
722
722
722
722
722
722
722
722
722
722
722
722
722
722
722
724
724
724
724
724
724
724
724
724
724
724
724
724
724
724
724
724
724
724
724
724
724
724
724
724
724
724
724
724
724
724
724
724
724
724
725
725
725
725
725
725
725
725
725
725
725
725
725
725
725
725
725
725
725
725
725
725
725
725
725
725
725
725
725
725
725
725
724
724
726
726
726
726
726
726
726
726
726
726
726
726
726
726
725
725
725
725
725
725
725
725
725
725
725
725
725
725
725
725
725
725
725
725
725
725
725
725
725
725
725
725
725
725
725
725
725
725
725
725
725
725
725
725
725
725
725
724
724
725
724
724
724
725
725
725
725
725
725
725
725
725
725
725
725
725
725
725
725
725
725
725
725
725
725
725
725
725
725
725
725
725
725
725
725
725
725
725
725
725
725
725
725
725
725
725
725
725
724
724
724
724
724
724
724
724
724
724
724
723
723
723
723
723
723
723
723
723
723
723
723
723
723
723
724
724
724
724
724
724
724
724
724
725
724
724
724
724
724
724
724
724
724
724
724
724
724
725
725
725
725
725
725
725
725
725
725
725
725
725
725
724
724
724
724
724
724
725
725
725
724
724
724
723
723
723
723
725
725
725
725
725
725
725
725
725
725
725
725
725
725
725
725
725
725
725
725
725
725
725
725
725
725
725
725
725
724
723
723
723
723
723
723
723
723
723
723
723
723
723
723
723
723
724
724
724
724
725
725
725
725
725
725
725
725
725
725
725
725
725
725
725
725
724
723
723
726
726
726
726
726
726
726
726
726
726
726
726
726
726
726
726
726
726
726
726
726
726
725
725
725
725
725
725
725
725
725
725
725
725
725
725
725
725
725
725
725
723
723
723
723
723
723
723
723
723
723
723
723
723
723
723
723
723
725
725
725
725
725
725
725
725
725
725
725
725
725
725
725
725
725
725
725
724
724
724
724
724
724
724
724
724
724
724
726
726
725
725
725
724
724
724
724
724
724
724
724
725
725
725
724
724
725
725
725
725
725
725
725
724
724
724
724
724
724
724
724
724
724
724
724
724
724
723
723
723
723
725
725
725
725
725
725
725
725
724
724
724
724
724
724
724
724
724
724
724
724
724
724
724
724
724
724
724
723
722
722
722
722
722
722
722
723
723
723
723
723
723
723
723
723
723
723
723
723
723
723
723
723
723
723
723
722
722
722
722
722
721
721
721
722
722
724
724
724
724
724
724
724
724
724
724
724
724
724
724
724
724
725
725
725
725
725
725
725
725
725
725
725
725
724
724
724
724
724
724
724
724
724
724
724
724
724
724
724
724
723
725
725
725
725
725
725
725
725
725
724
724
724
724
724
724
724
724
724
724
724
724
724
724
724
724
724
724
724
724
726
726
726
726
726
726
726
726
726
726
726
726
726
726
726
726
726
726
726
726
726
726
726
726
726
726
726
726
726
726
726
726
726
726
726
726
726
726
726
726
726
726
726
726
726
726
726
726
726
726
726
726
726
726
726
726
726
726
726
726
726
726
726
726
726
726
726
726
726
726
726
726
726
726
726
726
726
726
725
725
725
725
725
725
724
724
724
724
725
725
725
725
725
725
725
725
725
725
725
725
725
725
725
725
725
725
725
725
725
725
725
725
725
725
725
725
725
725
725
725
724
724
723
723
723
723
723
723
723
723
723
723
723
723
723
723
723
723
723
723
723
723
723
723
723
723
722
722
722
722
721
721
721
721
721
721
721
723
723
723
722
722
722
722
722
722
723
725
725
725
725
725
725
725
725
725
725
725
725
725
725
725
725
725
725
725
725
725
725
725
725
725
725
725
725
725
725
725
725
725
724
724
724
724
724
724
724
724
724
724
724
724
724
725
725
725
725
725
725
725
725
725
725
725
725
725
725
725
725
725
725
725
725
725
725
725
725
725
725
725
725
725
725
725
725
725
725
725
725
725
725
725
725
725
725
725
725
725
725
725
725
725
725
725
725
725
725
725
725
725
725
724
724
724
724
723
723
723
723
723
723
723
723
723
723
723
723
723
725
725
725
725
725
725
725
725
725
725
725
725
725
725
725
725
725
725
725
725
725
725
725
725
725
725
725
725
725
725
725
725
725
725
725
725
725
725
725
725
725
725
725
725
725
725
725
725
725
725
725
725
725
725
725
725
725
725
725
725
725
725
725
725
725
725
725
725
725
725
725
725
725
725
725
725
725
725
725
725
725
725
725
725
725
725
725
725
725
725
725
725
725
725
725
725
725
725
725
725
725
725
725
725
725
725
725
725
725
725
725
725
725
725
725
725
724
724
724
724
724
724
724
724
724
724
724
724
724
724
724
724
724
724
724
724
724
724
724
724
724
724
724
724
725
725
725
725
725
725
725
725
725
725
724
724
724
724
724
724
724
723
724
726
726
726
726
726
724
724
724
724
725
725
725
725
725
725
725
725
725
725
725
725
725
725
725
725
725
725
725
725
725
725
724
723
723
723
724
724
724
724
724
724
724
724
725
725
725
725
725
725
725
725
725
725
725
725
725
725
725
725
724
724
724
724
724
724
724
724
725
725
725
725
725
725
725
725
725
725
725
724
724
724
724
724
725
725
725
725
725
725
725
725
725
725
725
725
725
725
725
725
725
725
725
725
725
725
725
725
725
725
725
724
724
724
725
725
725
725
725
725
725
725
725
725
725
725
724
726
725
725
725
725
725
725
725
725
725
725
725
725
725
725
725
725
725
725
725
725
725
725
725
725
725
725
725
725
725
725
725
725
725
725
725
725
724
724
725
725
725
725
725
725
725
725
725
725
725
725
725
724
724
724
724
724
724
725
725
725
725
725
725
725
725
725
725
725
725
725
724
724
724
724
724
724
724
724
724
724
724
724
724
724
724
724
726
726
726
726
726
726
726
726
726
726
726
726
726
726
726
726
726
725
725
725
725
725
725
725
725
725
725
725
725
725
725
725
725
725
725
725
725
725
725
725
725
725
725
724
724
724
724
724
724
724
724
724
724
724
724
724
724
724
724
723
723
722
722
722
722
722
722
722
722
722
722
722
722
722
722
722
722
723
723
723
722
722
722
722
722
722
721
721
722
722
722
722
722
724
723
723
723
723
723
723
723
723
723
723
723
723
723
725
725
725
725
725
725
725
725
725
724
726
726
725
725
725
725
725
725
725
725
725
725
725
725
725
725
725
725
725
725
725
725
725
725
725
725
725
725
724
724
724
724
724
724
724
724
724
724
724
724
724
724
724
724
724
724
724
724
723
723
723
723
723
723
723
723
723
723
723
723
723
723
723
724
723
723
723
723
723
723
723
723
723
723
723
723
723
723
723
723
722
722
722
722
722
722
722
722
722
722
722
722
722
722
722
722
722
722
724
724
724
725
725
725
725
725
724
724
724
724
724
724
724
724
724
724
725
725
725
725
725
725
725
725
725
725
725
725
725
725
725
725
725
725
725
725
725
725
725
725
725
725
725
725
725
725
725
725
725
725
725
725
725
725
725
725
725
725
725
725
725
725
725
725
725
725
725
725
725
725
725
725
725
725
725
725
725
725
725
724
724
724
724
723
723
723
724
726
725
725
725
725
725
725
725
725
725
725
725
725
725
725
724
724
724
724
724
724
724
724
724
724
724
724
724
724
724
724
724
724
724
724
725
725
725
725
725
725
725
725
725
724
724
722
722
722
722
722
722
722
722
722
724
724
724
724
724
725
725
725
725
725
725
725
725
725
725
725
725
725
725
725
724
724
724
724
724
724
724
724
724
724
724
724
723
723
723
722
722
723
723
723
723
723
723
723
723
723
722
722
722
722
722
724
724
724
724
724
724
724
724
724
724
725
725
725
725
725
725
725
725
725
725
725
725
725
725
725
725
725
725
724
724
724
724
724
724
725
725
725
725
725
725
725
725
725
725
725
725
724
724
724
724
724
724
724
724
724
724
724
723
723
721
722
723
723
723
723
723
723
723
723
723
723
722
722
722
722
722
722
722
722
722
722
722
722
722
722
722
722
721
721
721
721
721
721
721
721
721
721
721
721
722
722
725
725
725
725
725
725
725
725
725
725
725
725
725
725
725
725
725
725
725
725
725
725
725
725
725
725
725
725
725
724
724
724
724
724
724
724
724
724
724
724
725
725
725
725
725
725
725
725
725
725
725
725
725
725
725
725
725
725
725
725
725
725
725
724
724
724
724
724
724
724
724
724
724
724
724
724
724
724
723
723
724
724
724
724
724
724
724
725
725
725
725
725
725
725
725
725
725
725
725
725
725
725
725
725
725
725
725
725
725
725
725
725
725
725
725
725
725
725
725
725
725
725
725
725
725
725
725
725
725
725
725
725
725
725
725
725
725
725
725
725
725
725
725
725
725
725
725
724
724
724
724
724
724
724
724
724
724
724
724
724
724
724
724
724
724
724
724
724
724
724
724
724
724
724
724
724
724
724
724
723
723
723
723
724
724
724
723
723
723
723
723
723
723
723
723
722
722
722
721
721
721
721
721
721
721
722
722
722
722
723
723
723
723
723
723
723
723
724
724
724
724
724
724
723
723
723
723
723
723
723
723
723
723
723
723
724
724
724
724
724
724
724
724
723
723
723
723
723
724
724
724
724
724
724
723
723
723
723
723
723
723
723
724
724
724
724
724
724
724
724
724
724
724
724
724
723
723
723
723
723
723
723
722
722
722
722
723
723
723
723
723
723
723
723
723
723
723
723
723
723
723
724
724
724
724
724
724
724
724
724
724
726
726
726
726
726
726
726
726
726
726
726
726
726
726
726
726
726
726
726
726
726
726
726
726
726
726
726
726
726
726
726
726
726
726
726
726
726
726
726
726
726
726
726
726
726
726
726
726
726
726
726
726
726
726
726
726
726
725
725
725
725
725
725
725
725
725
725
725
725
725
725
725
725
725
725
725
725
725
725
725
725
724
725
725
725
725
725
725
725
725
725
725
725
725
725
725
725
725
725
725
725
725
725
725
725
725
725
725
725
724
724
724
724
724
724
724
724
725
725
725
725
725
725
725
725
725
725
725
725
725
725
725
725
725
725
725
725
725
725
725
725
725
725
725
725
725
725
725
725
725
725
725
725
725
725
725
724
724
724
724
724
724
723
723
723
723
723
723
723
723
723
723
723
723
723
723
723
723
723
723
723
723
723
723
723
723
723
723
723
723
723
723
723
723
723
723
723
723
723
723
723
723
723
723
724
724
724
724
724
724
724
724
722
722
722
722
722
722
722
722
722
722
722
722
722
722
722
722
722
722
722
722
722
722
722
722
722
722
722
722
722
722
722
722
722
722
723
723
723
723
723
723
723
723
723
723
723
723
723
723
723
724
724
724
725
725
725
725
725
725
725
725
725
725
725
725
725
725
725
725
725
725
725
725
725
725
725
725
725
725
725
725
725
725
725
725
725
725
725
725
725
725
725
725
725
725
725
725
725
725
725
725
725
725
725
725
725
725
725
725
725
725
725
725
725
725
725
724
724
