770
1003
1003
1003
1003
1004
1007
1009
1012
1012
1014
1014
1016
1017
1017
1017
1017
1018
1018
1019
1019
1019
1022
1022
1024
1024
1025
1026
1026
1032
1032
1033
1035
1036
1036
1038
1039
1041
1041
1040
1041
1041
1042
1042
1042
1042
1042
1042
1042
1042
1042
1042
1042
1042
1043
1044
1044
1047
1047
1047
1047
1049
1050
1051
1053
1054
1054
1056
1056
1056
1056
1058
1058
1058
1059
1060
1060
1061
1061
1061
1064
1063
1065
1065
1065
1065
1067
1068
1068
1068
1073
1073
1073
1074
1074
1074
1074
1075
1075
1075
1078
1078
1078
1078
1078
1078
1079
1079
1080
1080
1080
1081
1081
1082
1087
1087
1087
1087
1088
1088
1088
1087
1087
1087
1088
1088
1088
1088
1090
1091
1096
1098
1098
1098
1098
1099
1099
1099
1100
1101
1102
1102
1103
1104
1104
1105
1105
1105
1107
1108
1108
1109
1109
1109
1109
1109
1113
1114
1116
1117
1121
1121
1121
1122
1125
1125
1127
1127
1127
1128
1130
1130
1130
1132
1133
1135
1135
1135
1136
1135
1135
1136
1139
1139
1141
1141
1141
1141
1142
1142
1142
1142
1146
1146
1147
1147
1148
1148
1149
1149
1149
1150
1151
1151
1151
1151
1151
1151
1151
1151
1152
1153
1153
1153
1153
1154
1154
1156
1156
1156
1156
1156
1156
1157
1157
1157
1157
1157
1158
1158
1161
1161
1163
1164
1164
1169
1169
1169
1169
1169
1172
1172
1175
1175
1176
1176
1187
1189
1189
1189
1189
1190
1190
1191
1191
1192
1192
1193
1195
1196
1196
1196
1195
1195
1196
1199
1200
1201
1201
1201
1202
1203
1204
1204
1204
1204
1204
1207
1207
1205
1208
1208
1208
1208
1209
1209
1210
1212
1212
1212
1212
1212
1214
1215
1216
1216
1220
1221
1222
1223
1223
1223
1222
1221
1222
1223
1223
1223
1223
1224
1224
1224
1225
1225
1225
1225
1225
1225
1225
1225
1225
1226
1226
1226
1226
1226
1229
1229
1230
1230
1230
1230
1233
1234
1234
1234
1234
1235
1236
1236
1236
1236
1238
1239
1242
1242
1242
1242
1242
1242
1241
1242
1242
1244
1244
1244
1243
1244
1247
1249
1249
1249
1249
1249
1249
1249
1254
1258
1258
1258
1258
1258
1260
1261
1261
1261
1262
1262
1262
1262
1262
1262
1263
1263
1263
1263
1265
1265
1265
1265
1265
1265
1266
1267
1269
1273
1273
1274
1274
1274
1274
1273
1273
1273
1273
1273
1275
1277
1277
1278
1279
1279
1280
1280
1282
1286
1286
1287
1287
1287
1287
1287
1287
1287
1287
1290
1290
1292
1293
1295
1297
1297
1297
1297
1297
1297
1297
1299
1299
1299
1298
1300
1300
1300
1300
1301
1301
1302
1305
1306
1306
1306
1306
1306
1306
1307
1307
1307
1307
1307
1307
1307
1308
1309
1310
1311
1312
1313
1314
1315
1319
1319
1319
1321
1322
1323
1323
1325
1326
1325
1325
1326
1326
1326
1326
1327
1328
1333
1334
1337
1339
1339
1340
1340
1341
1342
1343
1343
1343
1343
1344
1344
1344
1348
1348
1348
1348
1348
1348
1348
1347
1347
1347
1346
1347
1349
1349
1350
1350
1351
1353
1353
1355
1356
1355
1355
1356
1356
1358
1358
1358
1358
1358
1360
1360
1360
1362
1362
1362
1366
1366
1366
1366
1368
1369
1369
1369
1370
1370
1371
1371
1371
1372
1372
1372
1374
1375
1376
1376
1376
1377
1377
1378
1380
1380
1380
1380
1380
1381
1381
1383
1385
1385
1385
1387
1389
1390
1389
1389
1389
1389
1390
1391
1393
1394
1396
1396
1397
1397
1397
1399
1400
1400
1400
1400
1401
1401
1401
1402
1401
1401
1401
1401
1401
1401
1404
1404
1404
1404
1404
1403
1403
1404
1404
1404
1405
1406
1406
1407
1407
1407
1408
1411
1410
1412
1412
1412
1413
1414
1415
1414
1417
1420
1420
1420
1420
1420
1420
1420
1420
1420
1420
1421
1424
1424
1424
1424
1424
1425
1425
1425
1425
1425
1427
1427
1427
1427
1427
1427
1427
1427
1427
1427
1427
1427
1427
1427
1427
1427
1428
1428
1428
1429
1429
1429
1429
1430
1431
1431
1432
1432
1433
1433
1433
1433
1434
1435
1435
1437
1437
1438
1438
1438
1439
1439
1439
1440
1442
1442
1442
1445
1445
1447
1447
1447
1448
1450
1450
1450
1450
1452
1452
1452
1456
1456
1458
1458
1462
1462
1462
1464
1466
1466
1466
1466
1467
1467
1467
1468
1469
1470
1471
1475
1475
1475
1475
1475
1475
1474
1475
1475
1477
1477
1477
1477
1476
1477
1477
1477
1476
1476
1476
1477
1479
1479
1480
1480
1481
1481
1480
1483
1483
1483
1483
1483
1486
1487
1487
1487
1487
1490
1490
1491
1492
1492
1495
1495
1497
1498
1498
1500
1500
1501
1501
1506
1506
1506
1506
1506
1509
1509
1509
1510
1510
1511
1513
1514
1514
1514
1514
1518
1518
1518
1518
1518
1519
1520
1520
1521
1521
1522
1522
1523
1523
1523
1523
1524
1524
1524
1524
1524
1524
1524
1524
1524
1524
1524
1524
1524
1524
1524
1524
1526
1526
1526
1526
1530
1531
1531
1531
1531
1532
1532
1532
1532
1532
1532
1533
1532
1533
1533
1532
1532
1532
1532
1532
1532
1532
1531
1531
1531
1532
1532
1533
1534
1534
1534
1536
1539
1539
1539
1538
1538
1538
1538
1541
1540
1541
1541
1541
1541
1541
1541
1541
1541
1541
1541
1542
1542
1542
1542
1541
1541
1541
1541
1541
1541
1542
1542
1542
1542
1541
1541
1541
1540
1542
1542
1544
1544
1544
1544
1545
1546
1546
1547
1548
1549
1549
1549
1549
1549
1550
1550
1550
1550
1550
1550
1550
1550
1550
1550
1551
1551
1551
1551
1554
1554
1555
1556
1556
1556
1556
1556
1556
1556
1556
1555
1555
1555
1555
1555
1555
1555
1555
1555
1557
1557
1557
1557
1558
1559
1559
1560
1560
1560
1560
1559
1559
1559
1559
1558
1558
1559
1559
1559
1559
1560
1560
1563
1563
1563
1563
1563
1563
1563
1563
1563
1563
1563
1563
1563
1563
1563
1563
1563
1564
1564
1564
1564
1564
1565
1565
1565
1566
1566
1566
1567
1567
1566
1566
1567
1567
1567
1568
1570
1570
1570
1570
1571
1571
1571
1572
1571
1571
1571
1572
1572
1572
1572
1571
1570
1570
1571
1571
1571
1571
1571
1571
1571
1571
1571
1571
1571
1571
1571
1571
1571
1571
1573
1573
1573
1573
1573
1573
1573
1574
1575
1575
1575
1576
1576
1576
1576
1576
1576
1576
1577
1580
1580
1581
1581
1581
1582
1582
1583
1583
1583
1582
1587
1586
1586
1586
1586
1586
1586
1586
1586
1586
1586
1586
1586
1589
1589
1589
1589
1589
1589
1589
1589
1589
1589
1589
1589
1589
1589
1589
1588
1590
1590
1590
1591
1591
1594
1594
1594
1600
1600
1600
1600
1600
1600
1600
1600
1603
1603
1603
1603
1604
1604
1604
1604
1604
1605
1605
1605
1605
1605
1608
1608
1608
1608
1608
1610
1610
1610
1610
1610
1610
1610
1610
1610
1610
1610
1611
1611
1613
1614
1614
1614
1615
1615
1615
1615
1618
1619
1620
1620
1620
1620
1623
1624
1624
1624
1624
1624
1623
1623
1624
1625
1625
1625
1628
1628
1629
1628
1628
1628
1629
1629
1629
1629
1629
1629
1629
1631
1631
1631
1631
1631
1631
1631
1630
1630
1630
1631
1631
1631
1631
1631
1631
1631
1631
1632
1633
1633
1633
1633
1633
1633
1633
1633
1633
1633
1632
1632
1632
1632
1632
1632
1632
1632
1632
1634
1634
1634
1634
1634
