0
0
1
6
8
9
9
9
9
9
10
10
10
15
17
20
22
22
27
27
27
27
28
34
36
36
38
38
41
42
46
47
47
48
49
49
49
55
58
59
63
63
63
66
66
66
65
66
66
66
71
71
76
76
76
80
84
85
85
85
89
91
92
92
95
97
97
98
98
100
100
102
110
110
110
111
111
111
112
112
112
113
115
115
116
118
118
119
120
121
123
124
125
125
127
127
131
130
130
132
138
139
139
139
139
141
144
149
149
150
150
150
151
152
154
154
153
155
158
158
158
159
160
160
159
162
163
167
168
168
168
168
168
172
172
173
177
177
177
180
181
183
183
184
185
186
186
188
189
192
192
192
192
192
193
198
201
201
201
202
206
206
207
207
208
213
214
213
214
215
215
215
215
218
218
219
221
222
223
225
227
229
232
234
236
238
239
240
242
242
242
244
246
246
246
246
246
246
249
250
250
258
260
263
263
266
270
270
270
270
270
270
272
274
272
272
275
276
279
280
281
281
284
286
289
289
289
290
297
297
297
298
302
302
301
304
305
306
308
308
309
309
310
311
311
313
313
314
314
317
317
321
321
324
324
325
327
327
330
331
332
332
332
334
335
339
340
339
340
352
355
361
361
361
361
362
362
364
364
364
364
365
365
369
370
371
371
371
372
372
372
374
375
376
377
377
377
377
377
377
377
378
379
379
382
382
383
385
385
387
395
400
400
400
400
402
402
402
404
406
407
410
413
413
414
414
415
416
417
418
423
427
428
427
427
427
428
434
437
437
441
441
441
442
442
442
440
440
440
441
442
443
445
446
446
447
447
447
451
451
455
458
458
458
459
461
463
464
464
465
465
465
465
467
467
467
467
468
470
473
477
478
479
482
483
483
483
483
483
484
483
484
488
489
490
491
496
503
503
506
508
510
510
515
522
523
524
524
526
527
527
528
528
529
532
537
537
537
541
544
545
545
545
545
545
544
547
547
548
549
553
556
560
564
564
564
565
569
570
570
571
570
570
570
573
575
575
575
576
579
579
585
589
592
592
598
599
598
607
608
611
611
611
613
617
621
623
624
624
628
628
628
629
630
630
630
631
631
632
633
636
642
643
648
649
650
650
650
651
651
655
657
657
659
659
664
666
666
672
674
680
681
683
683
683
685
688
688
690
690
691
693
693
695
695
695
697
699
699
706
710
710
710
712
718
720
721
721
721
722
724
724
726
727
729
729
731
731
731
731
732
733
733
733
734
734
735
735
735
735
736
736
738
740
742
744
744
745
746
747
747
747
749
750
750
750
751
751
753
753
753
753
753
761
764
766
766
766
767
768
770
770
775
776
778
778
779
779
779
782
787
789
789
790
791
792
795
796
796
796
797
797
799
800
800
802
802
801
801
801
802
803
803
805
805
805
806
808
809
812
812
814
815
817
817
819
821
821
825
825
825
831
841
842
844
846
850
850
850
850
857
858
858
859
859
859
859
861
860
860
860
863
863
864
865
870
870
871
871
873
874
872
880
884
884
885
885
886
891
897
897
898
899
901
901
902
903
903
903
903
903
904
906
908
908
909
909
913
913
914
915
915
916
916
916
917
919
920
920
919
920
924
927
927
928
928
931
931
933
933
935
942
943
948
948
950
951
952
957
957
960
960
960
962
962
962
962
962
966
968
968
968
970
970
971
972
972
972
972
972
975
976
976
979
980
981
982
985
985
985
986
985
985
987
987
987
987
987
988
992
992
992
993
996
997
998
1003
1004
1007
1009
1012
1012
1012
1012
1014
1018
1022
1022
1023
1024
1024
1025
1025
1026
1030
1031
1033
1040
1040
1042
1046
1049
1049
1049
1052
1052
1052
1053
1053
1054
1054
1054
1054
1054
1055
1057
1058
1060
1061
1061
1061
1060
1061
1062
1070
1071
1073
1073
1076
1083
1083
1085
1085
1088
1088
1088
1091
1092
1092
1092
1097
1098
1098
1100
1104
1105
1105
1105
1106
1106
1109
1109
1112
1114
1114
1118
1121
1122
1122
1121
1125
1126
1126
1126
1127
1127
1130
1131
1131
1131
1131
1131
1133
1134
1137
1137
1137
1137
1140
1143
1143
1144
1143
1143
1144
1144
1146
1149
1151
1151
1153
1154
1154
1156
1156
1156
1156
1161
1163
1163
1163
1164
1164
1163
1163
1165
1166
1166
1166
1166
1169
1172
1172
1172
1172
1172
1176
1177
1177
1179
1179
1178
1178
1179
1179
1180
1180
1180
1180
1180
1180
1186
1186
1186
1192
1192
1195
1197
1203
1203
1203
1206
1206
1206
1206
1206
1206
1206
1207
1207
1207
1208
1208
1209
1211
1211
1211
1211
1211
1210
1211
1211
1214
1214
1213
1217
1217
1223
1223
1223
1223
1223
1223
1223
1223
1223
1226
1229
1229
1229
1229
1228
1228
1230
1230
1231
1231
1231
1232
1232
1236
1237
1238
1238
1238
1238
1238
1237
1238
1240
1239
1239
1239
1239
1239
1239
1240
1240
1240
1241
1241
1241
1242
1242
1246
1247
1248
1248
1249
1250
1251
1253
1253
1255
1255
1256
1256
1257
1257
1258
1258
1261
1261
1261
1261
1270
1270
1270
1270
1270
1270
1270
1270
1273
1274
1274
1274
1274
1274
1274
1274
1274
1272
1272
1272
1272
1271
1271
1271
1271
1271
1273
1273
1274
1274
1275
1277
1277
1277
1277
1278
1278
1278
1277
1278
1279
1278
1278
1282
1283
1285
1285
1285
1285
1285
1285
1285
1284
1284
1285
1285
1285
1285
1285
1285
1285
1285
1286
1286
1286
1286
1286
1286
1286
