2
2
3
8
8
9
11
14
14
14
14
20
20
20
22
23
23
25
25
25
30
34
35
35
38
38
38
38
38
38
38
40
43
43
44
44
45
49
50
53
54
54
55
58
57
56
56
58
58
58
59
65
65
65
66
70
71
71
74
85
91
91
93
95
96
99
99
99
101
101
102
102
102
102
107
107
111
114
114
114
118
118
120
123
127
127
129
129
129
129
129
129
129
129
130
130
134
134
135
140
146
146
146
146
148
148
149
153
153
154
160
161
163
165
166
166
165
165
165
165
165
169
170
171
171
171
176
176
177
177
182
183
183
185
184
184
186
188
191
192
193
193
199
204
205
205
213
213
217
218
221
222
224
225
225
225
225
228
231
233
233
237
239
239
239
239
239
242
242
242
244
246
247
247
247
249
249
251
251
251
253
255
255
255
259
259
260
261
261
261
262
262
263
265
265
266
274
274
274
276
277
277
278
279
284
284
284
284
284
286
286
290
290
290
292
292
292
292
294
300
300
300
302
302
303
310
311
311
311
311
311
317
317
317
317
317
317
317
318
319
321
322
322
324
327
328
330
334
341
341
347
347
347
347
347
347
347
349
353
353
353
354
354
354
353
353
353
353
353
357
359
358
358
358
358
361
363
374
374
374
374
374
374
375
375
378
378
380
381
382
382
383
386
386
386
396
397
400
400
400
406
408
410
410
413
413
413
413
413
413
413
413
413
429
429
430
430
432
436
436
437
436
436
436
435
435
437
437
437
437
437
440
440
441
441
440
440
439
440
442
446
446
447
450
450
451
450
450
450
453
454
457
459
459
462
464
465
467
469
474
481
486
487
487
487
487
487
488
488
489
495
495
502
506
507
507
509
509
509
512
513
513
519
519
521
527
529
532
532
532
532
532
532
532
532
532
532
537
537
537
540
541
541
541
541
542
543
543
545
545
545
545
548
548
548
551
553
552
552
553
555
556
558
559
559
561
561
564
569
569
569
569
569
582
586
586
587
587
587
586
589
592
593
593
594
594
594
594
596
596
598
599
599
599
599
599
599
599
600
600
606
609
613
615
615
615
615
617
618
621
621
622
624
624
632
632
634
634
635
635
639
639
639
641
648
657
657
657
660
661
662
661
665
666
666
670
673
674
675
675
675
675
675
677
677
681
681
681
681
683
684
684
689
689
691
692
692
692
697
698
698
700
700
704
705
710
711
716
716
719
723
731
731
732
732
733
733
738
748
750
751
751
751
751
751
751
756
756
758
760
760
760
759
759
760
761
763
763
763
763
766
767
767
768
774
778
778
778
778
778
778
778
778
783
784
784
785
787
794
794
794
795
794
797
797
798
798
798
798
801
801
801
803
806
806
807
807
807
807
807
809
810
810
811
811
811
813
813
813
813
819
820
827
827
827
826
826
826
827
831
831
830
830
830
832
833
834
836
836
839
839
842
843
844
848
848
848
851
854
854
859
862
862
862
862
866
866
870
875
876
876
877
877
878
878
878
878
878
878
878
878
878
879
880
881
883
886
889
890
890
890
891
895
898
898
900
900
901
908
914
914
914
914
914
914
914
917
918
923
923
924
924
924
924
925
928
928
928
931
931
935
935
935
936
936
939
941
943
943
950
952
953
953
953
960
959
959
962
962
962
962
962
963
965
965
965
965
965
966
968
968
969
969
969
978
980
980
980
980
980
981
981
982
982
982
983
984
984
984
984
985
987
987
987
987
992
995
997
1000
999
999
999
1001
1006
1007
1010
1014
1015
1017
1018
1018
1018
1018
1023
1023
1025
1025
1026
1040
1039
1042
1045
1048
1052
1053
1053
1055
1060
1061
1061
1062
1062
1062
1062
1065
1066
1066
1067
1067
1067
1068
1068
1074
1075
1077
1077
1078
1081
1081
1085
1095
1095
1095
1100
1100
1102
1103
1107
1109
1115
1118
1118
1117
1118
1119
1122
1128
1131
1131
1131
1132
1132
1138
1139
1139
1139
1139
1139
1139
1139
1139
1139
1139
1139
1139
1139
1140
1139
1140
1140
1140
1140
1140
1141
1140
1140
1140
1140
1139
1144
1144
1144
1147
1149
1148
1149
1158
1158
1159
1165
1166
1166
1166
1165
1165
1165
1165
1165
1165
1165
1165
1164
1164
1164
1173
1173
1175
1175
1178
1178
1178
1178
1178
1178
1179
1179
1179
1179
1179
1179
1179
1183
1183
1183
1188
1188
1188
1188
1188
1188
1189
1189
1194
1194
1194
1197
1197
1197
1197
1197
1197
1197
1197
1197
1197
1197
1197
1197
1197
1198
1198
1199
1200
1200
1201
1212
1212
1213
1215
1216
1217
1217
1217
1217
1217
1218
1218
1220
1225
1225
1225
1226
1226
1226
1226
1226
1226
1226
1226
1226
1226
1229
1229
1229
1229
1230
1230
1230
1233
1233
1233
1233
1233
1234
1236
1236
1236
1238
1238
1240
1240
1240
1240
1241
1251
1251
1251
1254
1254
1254
1254
1255
1258
1258
1258
1258
1260
1260
1260
1260
1260
1260
1260
1260
1260
1260
1263
1263
1263
1263
1263
1263
1263
1263
1265
1266
1266
1266
1266
1266
1267
1268
1268
1268
1268
1268
1269
1269
1269
1269
1269
1270
1271
1271
1272
1272
1272
1272
1276
1276
1276
1276
1276
1276
1276
1278
1281
1281
1281
1281
1281
1281
1282
1282
1282
1281
1282
1283
1283
1283
1283
1283
1283
1283
1284
1284
1284
1283
1284
1286
1287
1287
1287
1289
1289
1289
1290
1290
1290
1289
1288
1289
1289
1289
1289
1288
1289
1289
