0
0
0
0
0
4
4
4
4
4
4
6
5
5
5
5
8
8
8
8
8
12
12
14
14
14
14
14
14
14
16
16
18
18
18
20
20
20
20
22
22
22
22
22
22
22
22
22
24
24
24
26
26
28
34
34
38
40
40
42
44
46
48
48
50
50
50
51
51
53
53
55
57
57
59
61
61
61
65
65
67
67
69
71
71
71
73
75
75
79
79
81
81
81
83
83
83
83
85
93
93
93
95
95
99
99
101
103
103
111
111
113
113
117
117
117
119
119
118
122
122
121
121
121
121
121
121
123
123
123
123
131
131
133
133
135
135
135
135
139
139
139
139
141
141
141
141
147
147
147
147
147
147
147
147
149
149
149
151
151
151
151
151
151
151
151
151
151
153
153
155
155
155
155
157
157
157
157
159
159
158
164
164
164
168
170
170
172
172
172
174
174
174
176
178
178
178
180
180
180
180
182
182
184
186
186
188
190
190
190
190
190
190
190
190
190
190
192
192
194
194
194
196
202
202
202
202
202
202
206
206
206
206
206
206
211
211
211
213
213
213
213
215
215
217
217
217
219
219
221
221
221
221
223
225
225
227
229
229
229
229
229
229
231
235
235
235
237
241
243
245
253
253
253
253
253
253
257
257
257
257
255
255
255
255
255
255
254
254
254
254
254
254
256
256
256
260
262
264
264
264
264
268
270
274
274
274
274
274
276
280
280
280
280
280
280
282
282
288
290
290
292
294
296
296
304
306
306
306
306
306
306
306
306
306
312
312
312
312
312
312
312
314
314
314
316
316
318
318
322
324
324
324
324
326
328
328
328
328
328
328
328
328
330
330
330
330
330
330
329
329
329
329
329
329
329
329
329
329
329
329
329
329
329
328
330
332
332
336
336
338
338
340
342
342
342
342
341
349
349
349
349
349
351
353
353
353
353
355
355
355
355
355
355
355
355
355
363
363
363
363
363
371
371
371
375
375
375
375
375
375
375
377
377
377
377
377
377
381
385
389
391
391
391
391
391
392
392
392
394
394
394
394
394
394
394
394
396
396
398
397
407
407
407
407
411
411
411
411
411
411
413
413
413
413
413
413
413
413
413
413
413
413
413
413
413
413
415
417
417
417
417
419
419
419
419
419
419
419
419
419
419
419
421
421
421
421
421
421
421
420
420
420
420
420
420
420
420
420
422
422
422
422
422
422
421
422
422
422
422
422
422
424
425
425
425
425
425
425
426
426
426
426
426
426
426
426
426
426
426
426
426
426
426
426
426
427
427
427
427
429
431
431
432
433
433
433
433
435
436
437
437
437
437
438
438
438
438
438
439
441
441
441
442
442
445
445
445
446
446
447
447
449
449
450
450
451
452
452
454
454
456
456
456
456
456
456
456
456
455
456
456
457
460
460
460
460
460
461
460
460
460
461
461
461
461
461
461
461
461
462
462
462
463
464
465
465
466
466
466
466
466
467
467
466
466
466
466
466
467
468
468
470
470
470
470
470
470
470
470
471
471
471
475
476
477
477
477
477
477
479
479
479
480
480
482
483
483
483
483
483
484
484
485
487
487
488
488
488
488
488
488
488
488
488
488
488
488
489
489
489
490
490
490
490
491
491
491
491
491
492
492
492
494
494
494
494
496
496
496
496
496
496
496
496
497
497
497
497
497
497
497
499
499
499
499
499
500
502
506
506
506
506
506
507
507
507
507
507
507
507
507
507
507
508
509
509
510
510
510
510
510
510
510
510
510
510
512
512
512
512
512
512
512
512
512
513
513
514
514
515
515
515
515
515
516
516
518
518
518
519
519
521
522
522
522
523
523
523
523
523
523
523
523
523
523
523
523
523
523
523
525
525
526
527
528
528
528
529
529
531
531
532
532
533
533
533
534
534
534
535
536
537
538
538
538
538
538
538
538
540
540
540
540
540
540
540
543
543
543
544
544
546
546
546
546
546
547
547
547
548
549
549
549
549
549
549
551
551
550
550
550
550
550
550
550
551
551
552
552
552
552
552
554
554
554
554
555
555
555
555
556
557
557
557
557
558
558
558
559
560
560
560
560
560
560
560
559
559
560
560
560
560
560
561
561
561
561
561
561
566
570
570
570
572
574
574
577
576
576
577
577
577
577
577
577
578
578
578
579
579
580
582
582
582
583
585
585
586
587
587
589
589
589
590
592
592
592
592
592
592
592
593
594
594
597
599
601
602
602
602
603
603
603
603
603
603
603
603
603
603
603
604
604
604
605
605
605
606
606
606
607
607
607
608
608
607
608
608
608
608
608
608
608
608
609
610
610
611
611
611
611
611
611
612
612
612
615
616
617
617
617
617
617
617
617
618
618
619
619
619
620
620
620
620
620
620
620
620
621
621
620
620
620
620
620
620
620
623
624
624
624
625
625
625
625
625
625
625
626
626
626
626
626
626
626
626
626
626
626
627
627
627
629
628
628
629
630
630
630
630
632
634
638
640
641
642
642
642
642
642
642
642
642
642
643
644
644
644
644
644
644
645
645
645
647
649
650
650
652
652
652
654
653
654
654
654
655
655
658
659
659
659
659
659
659
659
659
660
660
660
660
661
662
662
662
663
663
665
666
666
666
666
667
667
667
667
667
668
668
668
669
669
669
669
668
668
669
670
670
676
676
677
677
676
676
676
676
677
677
679
679
680
680
681
682
682
685
685
685
685
686
686
686
686
686
686
687
689
689
691
692
692
692
694
694
696
699
699
699
700
700
701
704
705
705
705
706
706
706
706
706
706
706
706
706
707
707
708
709
709
710
710
710
710
711
710
710
713
715
715
717
720
720
720
722
724
726
726
727
727
728
728
729
730
730
730
730
732
732
732
733
733
733
735
735
735
735
735
736
738
738
739
739
739
740
740
741
743
743
743
743
742
742
743
744
744
744
744
745
745
746
746
746
746
747
748
752
754
754
754
754
754
754
754
754
754
754
754
754
757
758
758
762
762
762
762
762
762
762
762
762
762
764
764
764
764
765
765
765
765
765
766
766
767
768
768
768
768
768
770
770
770
769
769
769
769
769
769
770
770
770
770
770
770
771
771
772
772
772
773
773
773
773
773
773
774
774
774
774
774
774
775
775
775
775
775
775
775
775
775
775
775
775
775
777
777
778
778
778
778
778
778
778
778
778
778
778
778
779
779
779
779
779
779
779
781
781
781
781
781
781
781
781
781
781
781
781
781
781
781
781
781
783
784
784
786
787
787
788
788
788
788
788
788
788
788
788
788
788
788
788
788
788
788
788
788
788
788
788
788
788
788
788
788
788
788
788
788
788
788
788
788
788
788
788
788
788
788
788
788
788
788
788
788
788
788
788
788
788
788
788
788
788
788
788
788
788
788
788
788
788
788
788
788
788
788
788
788
789
789
789
789
789
789
789
789
789
789
789
789
789
789
789
789
789
789
789
789
790
790
790
790
790
790
791
791
790
790
790
790
790
790
790
790
790
790
790
792
792
792
792
792
792
792
791
791
791
791
791
791
791
791
791
791
791
791
791
791
791
791
791
791
791
792
792
792
792
792
792
792
792
792
792
792
792
791
791
791
791
791
791
791
791
791
791
791
791
791
791
791
791
791
792
792
792
792
793
793
793
793
793
793
793
793
793
793
793
793
793
793
793
793
793
793
793
793
793
793
793
793
793
793
793
793
793
793
793
792
792
791
791
791
791
791
791
791
791
791
791
791
791
793
793
793
793
793
793
793
793
793
793
793
793
793
793
793
793
793
793
793
793
793
792
792
796
798
798
798
798
797
797
797
797
797
797
797
797
797
797
797
797
797
797
799
799
799
799
801
801
801
803
803
803
803
803
803
802
802
802
802
802
802
802
802
803
803
803
803
803
803
803
803
803
803
803
803
803
803
803
803
803
803
803
803
803
803
803
803
803
803
803
803
803
803
802
802
802
802
801
801
801
801
801
801
801
801
801
801
801
801
801
801
801
801
801
801
801
801
802
802
802
802
803
803
803
803
803
803
803
803
803
804
804
804
804
804
804
804
804
804
804
804
804
804
804
804
804
804
804
804
804
804
803
803
803
803
803
803
803
803
803
803
803
803
803
803
803
803
803
803
803
803
803
803
803
803
802
802
802
802
802
802
801
801
801
803
803
804
804
804
804
804
804
804
804
804
804
804
804
804
804
804
803
803
803
803
803
803
803
803
803
803
803
803
803
803
803
803
803
803
803
803
803
803
803
804
804
804
804
804
807
807
808
808
809
808
808
808
808
808
808
808
809
809
809
809
809
809
809
809
812
812
812
812
812
812
812
812
812
812
811
811
812
812
815
815
815
815
815
815
815
815
815
815
815
814
815
815
815
815
815
815
814
814
814
814
814
814
814
814
814
814
814
815
815
815
815
815
815
815
815
815
815
815
814
815
815
817
817
817
817
817
817
817
817
817
817
817
817
816
816
816
816
816
816
816
816
816
816
816
816
816
816
816
816
816
816
815
815
815
815
815
815
815
815
815
815
815
815
815
815
815
815
815
815
815
815
815
815
816
816
816
816
816
816
816
816
816
816
816
816
816
816
816
818
818
818
818
818
819
819
819
819
819
819
819
822
822
822
822
823
823
823
823
823
823
824
824
824
824
824
826
826
826
826
826
826
826
826
827
827
828
828
827
827
827
827
827
829
829
829
829
829
829
829
832
832
832
832
832
832
832
832
832
832
832
832
832
832
832
832
832
832
832
832
832
832
832
832
832
832
833
833
833
833
833
833
833
833
833
833
833
833
833
833
833
833
833
833
833
836
836
836
836
836
836
836
836
836
836
836
836
836
836
836
836
836
836
836
836
836
836
836
836
836
839
839
839
839
839
840
840
840
840
840
840
840
840
840
840
840
840
841
841
841
841
841
842
842
842
843
843
843
843
843
843
843
843
843
843
843
843
843
843
843
843
843
843
843
843
843
843
843
843
843
843
843
843
843
844
844
844
844
844
844
844
844
844
845
845
845
845
845
845
845
845
845
845
845
845
845
845
845
845
845
845
846
846
846
846
846
847
847
847
847
847
847
847
847
847
847
847
847
847
847
847
847
847
847
847
847
847
847
847
848
848
848
848
848
848
848
848
848
848
848
848
848
848
848
848
848
848
848
848
848
848
847
847
847
847
847
847
847
848
848
848
848
849
849
849
849
849
849
849
849
849
849
849
849
849
849
849
849
849
849
849
849
850
850
850
850
850
850
850
850
850
850
850
850
850
850
850
850
850
849
850
850
850
850
850
850
850
850
850
850
850
850
850
851
851
851
851
851
851
851
851
851
851
851
850
850
850
850
849
849
849
849
849
849
850
852
852
852
852
852
852
852
852
852
852
852
852
852
852
852
852
852
852
852
853
853
853
853
853
853
853
853
853
853
853
853
853
853
853
853
853
854
854
854
854
854
855
855
855
855
855
855
855
855
855
855
855
855
855
855
855
855
855
855
855
855
855
855
855
855
855
855
855
855
855
855
855
855
855
855
855
855
855
856
856
856
856
856
856
856
856
856
857
857
857
857
857
857
857
857
857
857
857
856
856
856
856
856
856
856
856
857
857
857
857
857
857
857
857
857
857
857
857
857
857
857
856
856
856
856
858
858
858
858
858
858
858
858
858
858
858
858
858
858
858
858
858
858
858
858
858
858
859
859
859
859
859
859
859
859
859
858
858
858
858
859
859
859
859
859
859
859
859
859
859
860
860
860
860
860
860
860
860
860
860
860
860
860
860
860
860
860
860
860
860
860
860
860
860
860
860
860
860
861
861
861
861
861
861
861
861
862
862
862
862
862
862
862
862
862
862
862
861
862
862
862
862
863
863
864
865
865
866
866
866
866
866
866
866
866
866
866
866
866
866
866
866
866
866
866
867
867
867
867
867
867
867
867
867
867
867
867
867
867
867
867
867
867
867
866
866
866
866
866
866
866
866
866
866
866
866
866
866
866
866
866
866
866
866
867
867
867
868
868
868
869
869
869
869
869
869
869
869
869
869
869
869
870
871
871
871
870
870
870
870
870
870
870
870
870
870
870
870
870
870
870
870
870
870
869
869
869
869
869
869
869
869
869
869
869
869
869
869
869
869
869
869
869
869
869
869
869
869
869
869
869
869
870
870
870
870
870
871
871
871
871
871
871
872
872
872
872
872
872
872
872
872
872
872
872
872
872
872
872
872
872
872
872
872
872
872
872
872
872
872
872
872
872
872
872
872
872
872
873
873
873
873
873
873
873
873
873
873
873
873
873
873
874
874
874
874
874
874
874
874
874
874
874
874
874
874
874
874
874
874
874
874
873
872
872
872
872
872
872
872
872
872
872
872
872
872
872
871
871
871
871
871
871
871
871
872
872
872
872
872
872
872
872
871
871
871
871
872
872
872
872
872
872
872
873
873
873
873
873
873
873
874
874
874
874
874
874
874
874
875
875
875
876
876
876
876
876
876
876
876
875
875
875
875
875
875
875
875
875
875
876
876
876
876
876
876
876
876
876
877
877
877
877
877
878
878
878
878
878
878
878
878
878
878
878
878
878
878
878
878
877
877
878
878
878
878
878
878
879
879
879
879
879
879
880
880
880
880
880
880
880
880
880
880
880
880
880
880
880
880
880
880
880
880
880
880
881
881
881
881
881
881
881
881
880
880
880
880
880
880
880
880
880
880
880
882
882
882
882
882
882
883
883
883
883
883
883
883
883
883
883
883
883
883
883
883
883
883
883
883
883
883
883
883
883
883
884
884
884
884
884
884
884
885
885
885
885
885
885
885
885
885
885
885
885
885
885
885
885
886
887
887
887
887
887
887
887
887
887
888
888
888
888
888
887
887
886
887
887
886
887
887
887
887
887
887
887
887
887
888
888
887
887
887
887
887
887
887
887
887
887
887
887
887
887
887
887
887
887
887
887
887
887
887
887
887
887
887
887
887
888
888
888
888
888
888
888
888
888
888
888
888
888
888
888
888
888
888
888
888
888
888
888
888
889
889
889
889
889
890
890
890
890
890
890
890
890
890
890
890
890
890
890
890
890
890
890
891
891
891
891
891
892
892
892
892
892
892
892
892
892
892
893
893
893
893
893
892
892
892
892
892
892
892
892
892
891
891
891
891
891
891
891
891
891
891
891
891
891
891
892
892
892
892
892
893
893
893
893
893
893
893
894
894
894
894
894
894
894
894
894
894
894
894
894
894
894
894
894
894
894
894
897
897
897
897
897
897
897
897
897
897
897
897
897
897
897
897
897
897
897
897
897
896
897
897
897
897
897
897
898
898
898
899
899
899
899
899
899
899
899
899
899
899
899
899
899
900
901
901
901
901
901
901
901
901
901
901
901
901
901
901
901
901
901
901
901
901
901
902
902
902
902
902
902
902
902
902
902
902
902
902
902
902
902
902
902
902
902
902
902
902
903
903
903
903
903
903
903
903
903
903
903
903
903
903
903
903
903
903
903
904
904
904
904
904
904
904
904
904
904
904
904
904
904
904
904
904
904
904
904
904
904
905
905
905
905
905
904
904
904
904
904
905
905
905
905
905
905
905
905
905
905
905
905
905
906
906
906
906
906
907
907
907
907
907
907
907
907
907
907
907
907
907
907
908
908
908
908
908
908
908
908
908
908
908
909
909
909
909
909
909
909
909
909
909
909
909
909
909
909
909
909
909
909
909
909
909
909
909
909
909
909
909
909
909
909
909
909
909
910
911
911
911
911
911
911
911
911
911
911
911
911
911
911
911
911
911
912
912
912
912
912
912
912
912
912
912
912
912
912
912
912
912
912
912
912
912
912
912
911
911
910
910
910
910
910
910
910
910
910
910
910
910
910
910
910
910
910
910
910
910
910
910
909
909
909
909
909
909
909
911
911
911
911
911
911
911
912
912
912
912
912
912
912
912
912
912
912
912
912
913
913
913
913
913
913
913
913
913
913
