886
0
4
8
8
8
10
10
14
16
18
18
18
18
18
20
20
20
20
22
22
28
28
28
28
28
28
28
28
28
28
28
30
30
30
34
40
42
44
46
46
46
48
48
52
52
52
52
52
52
52
54
56
56
56
56
56
56
56
56
56
58
58
58
58
60
60
62
62
61
61
61
61
61
63
63
63
63
63
63
63
63
65
65
65
67
67
71
71
71
73
73
73
73
73
73
73
75
75
75
79
79
79
79
79
83
82
82
82
82
82
84
84
88
88
90
90
90
92
92
92
92
92
94
94
96
96
96
98
98
98
98
98
102
102
102
102
102
104
104
104
104
104
104
104
104
106
110
110
110
112
112
116
116
118
122
122
122
122
124
128
128
128
128
128
128
130
132
132
132
134
134
139
143
143
143
143
145
145
151
151
151
151
153
155
159
159
159
161
161
160
164
164
164
166
166
168
168
167
167
167
167
167
167
167
169
171
171
171
171
171
171
171
177
177
176
176
176
176
176
176
175
175
175
175
175
177
179
179
179
179
179
183
183
183
183
185
185
185
185
187
189
191
195
195
197
197
197
197
197
201
201
203
203
203
203
205
205
205
207
207
207
207
209
209
209
209
209
211
211
211
211
211
211
211
213
213
213
213
213
215
215
217
217
221
221
221
221
225
225
227
227
229
229
229
229
229
229
229
229
229
229
229
228
228
228
234
238
238
238
240
240
242
242
242
242
242
244
246
248
252
252
252
252
254
254
254
254
256
256
256
258
260
260
260
260
260
260
262
262
262
264
264
266
266
266
266
266
266
266
266
266
272
272
274
274
274
274
274
274
276
276
278
278
278
278
278
277
277
277
279
283
285
285
285
289
289
289
289
289
289
289
291
291
293
299
301
301
301
301
301
301
305
307
307
309
309
309
309
309
309
311
311
311
311
313
313
315
315
315
315
317
317
321
321
321
321
321
321
321
323
325
325
325
325
325
325
327
329
329
328
328
328
328
334
333
333
333
332
332
332
334
334
336
336
336
338
338
340
342
342
342
342
348
348
347
349
353
353
353
353
353
355
357
359
359
359
359
363
363
363
365
365
365
365
365
367
367
367
371
371
373
375
377
377
377
377
377
377
376
376
376
380
382
384
384
384
383
385
385
385
385
385
385
385
385
385
385
385
385
391
391
391
391
391
391
391
393
395
395
395
395
399
399
399
399
399
398
398
398
398
398
398
398
400
400
400
399
401
401
401
403
405
405
405
405
405
405
407
407
409
409
408
408
410
414
416
416
420
420
424
424
423
423
424
424
424
424
424
424
424
424
424
425
425
424
425
425
425
425
425
426
426
426
426
428
428
429
430
430
431
434
434
434
434
435
436
437
437
437
437
437
437
438
438
439
439
439
439
440
440
441
442
442
442
442
442
442
442
443
443
443
444
443
443
443
443
443
443
443
443
443
443
443
444
444
444
444
444
444
445
450
450
450
450
451
451
451
452
452
452
452
452
452
453
453
453
453
454
454
454
455
455
456
456
458
458
458
458
458
458
458
459
459
459
459
459
459
462
462
462
462
462
462
462
462
462
462
462
463
465
465
465
465
465
466
466
467
467
467
467
467
467
468
469
469
468
469
469
469
469
469
468
468
468
468
468
469
469
469
469
470
470
470
470
471
472
472
472
472
472
472
472
472
472
472
472
473
473
474
474
475
475
475
475
475
475
475
476
477
479
480
481
481
481
481
482
483
486
486
488
488
488
489
490
491
491
491
491
491
491
492
492
492
492
494
494
496
497
497
498
498
498
499
499
499
499
499
500
500
500
500
500
501
501
501
504
504
504
504
504
504
504
504
504
504
504
505
505
505
505
505
506
506
507
507
508
508
508
509
509
509
509
511
511
513
514
514
513
514
514
514
514
514
514
514
514
514
514
514
514
514
514
515
516
516
516
517
517
520
520
521
521
522
522
522
523
523
523
524
524
525
525
525
525
525
525
525
526
527
527
529
530
530
530
530
531
532
533
534
535
537
537
536
536
536
537
538
538
539
539
539
539
540
540
540
541
543
543
543
543
544
544
547
547
548
548
547
547
548
548
548
550
550
550
550
550
552
552
552
552
552
552
552
552
552
553
553
553
553
553
553
556
556
556
556
556
556
556
556
556
555
555
556
556
556
556
557
557
559
559
559
559
559
558
558
558
558
558
558
560
560
560
560
560
560
560
561
561
561
561
561
561
561
561
561
562
562
563
563
563
564
564
565
565
564
567
567
567
567
568
568
568
567
568
569
569
569
569
569
569
569
569
570
570
570
570
571
571
571
571
571
572
573
576
576
577
577
577
577
577
577
577
577
577
581
581
582
582
582
582
583
583
583
583
584
584
584
584
584
584
586
587
587
587
587
587
588
590
590
590
590
591
591
591
592
592
592
592
592
593
593
593
593
593
593
594
594
594
594
597
600
601
601
602
602
602
602
602
602
602
603
603
602
603
603
602
602
602
602
603
607
607
608
609
611
611
611
611
611
614
615
615
615
617
617
618
618
618
618
619
619
619
620
620
620
621
624
624
624
624
624
624
624
624
625
625
625
625
626
626
627
628
628
628
628
630
630
630
630
630
630
630
630
630
630
631
631
631
632
633
633
633
634
634
635
636
636
636
636
636
636
636
639
640
640
642
642
642
642
642
641
642
642
642
642
643
647
647
648
648
648
648
648
649
649
650
649
650
651
652
652
654
656
656
656
656
656
656
656
656
657
657
657
657
659
659
659
659
659
659
659
662
663
664
664
664
664
664
664
664
664
664
669
670
670
670
670
670
670
670
671
670
670
671
671
671
670
670
670
670
671
671
671
671
671
671
671
671
671
671
671
671
671
671
671
671
671
671
672
672
672
673
675
675
675
675
675
675
675
676
676
676
676
676
676
676
676
677
677
677
677
677
677
677
679
679
682
683
684
684
687
688
688
688
689
689
689
690
690
690
692
692
692
692
692
692
693
693
693
693
694
693
693
693
693
693
693
693
693
693
694
695
695
696
697
697
697
699
699
699
700
701
701
701
701
701
701
701
701
700
700
700
701
701
701
702
702
703
703
706
706
706
706
706
706
706
706
707
707
710
710
710
711
712
712
713
713
713
713
713
715
715
715
716
716
716
715
715
716
717
717
719
719
720
720
720
720
720
720
720
721
721
721
721
721
721
721
721
721
721
721
721
721
721
721
721
722
722
722
722
722
722
722
722
723
723
723
723
723
723
724
724
724
724
728
728
728
729
729
730
730
730
730
730
730
730
730
730
730
729
729
733
733
733
733
735
737
737
737
737
737
737
738
738
738
739
739
739
739
739
738
738
738
738
739
739
739
739
739
739
739
739
739
739
739
739
740
740
741
741
741
741
741
741
741
742
742
742
742
742
742
742
743
743
744
745
745
745
746
745
745
745
746
746
747
747
748
749
749
749
749
749
749
750
749
750
750
750
750
750
750
750
750
750
750
750
751
751
751
751
753
753
753
754
755
756
756
756
757
757
757
757
757
757
757
757
757
757
757
759
759
759
758
758
758
758
758
758
758
758
758
758
760
760
760
760
761
761
761
761
762
762
762
762
762
762
763
763
763
764
764
764
764
763
763
763
763
763
763
763
765
765
765
765
765
765
765
765
765
765
765
765
765
765
765
765
765
765
765
765
765
765
765
765
765
764
764
764
764
764
764
764
764
764
764
764
764
764
764
769
769
769
769
769
769
769
769
769
769
769
769
769
768
768
768
768
768
768
768
768
767
767
767
767
767
767
767
767
767
768
768
768
768
768
768
768
768
768
768
768
768
768
768
768
768
768
769
769
769
769
769
769
769
769
769
769
769
769
772
772
772
772
772
772
772
772
772
772
772
772
772
771
771
771
772
772
772
773
773
773
773
773
773
773
773
773
773
773
773
773
774
774
774
774
774
774
774
774
774
774
773
775
775
775
775
775
775
775
775
775
775
775
775
775
775
775
775
775
776
776
776
776
777
777
777
777
777
777
777
779
779
779
779
779
779
779
779
779
779
779
779
779
779
779
779
779
779
779
779
779
778
778
778
778
778
778
778
778
778
779
779
779
779
779
779
779
779
779
779
779
779
779
779
779
779
779
779
779
779
779
779
779
779
779
779
779
779
779
779
779
779
779
779
780
780
780
781
781
781
781
781
781
781
781
781
781
781
781
781
781
781
781
783
783
783
783
783
783
784
783
783
783
785
785
785
785
785
785
786
786
786
786
786
785
786
786
786
786
786
786
786
786
787
787
787
787
787
787
787
787
787
787
787
787
787
787
787
787
787
787
789
790
790
790
791
791
791
791
791
791
791
791
791
791
791
791
791
791
791
791
791
791
791
793
793
793
793
792
791
791
791
791
790
790
790
790
790
790
790
790
790
790
790
790
790
790
790
790
790
790
790
789
789
789
789
790
790
790
790
790
790
790
790
790
790
790
790
790
789
788
788
788
788
788
790
790
790
790
790
789
789
789
789
789
789
792
792
792
793
793
793
793
794
794
795
796
796
796
796
796
796
796
796
796
796
796
796
796
796
796
796
796
796
796
796
796
796
796
796
796
796
796
796
796
795
796
796
796
796
796
796
796
796
796
796
796
797
797
797
798
798
798
798
798
798
798
798
798
798
798
798
798
798
798
798
798
797
797
797
797
797
797
797
797
798
798
798
797
797
797
797
797
797
797
797
797
797
797
797
797
797
797
797
796
796
796
796
796
796
797
797
797
797
799
799
799
799
799
799
800
800
800
800
800
800
800
800
800
800
800
800
800
800
800
800
800
801
801
801
801
801
801
801
801
801
801
802
802
802
803
803
803
803
803
804
804
804
806
806
806
806
806
805
805
805
805
805
806
806
806
806
806
806
806
806
806
806
806
806
806
806
806
806
806
806
806
806
806
806
806
806
806
806
806
806
806
809
810
810
810
810
810
810
810
811
811
810
810
810
810
810
810
810
810
810
810
810
810
809
809
809
809
809
809
809
809
809
809
810
810
810
810
810
810
810
810
810
810
810
810
811
811
811
811
811
811
811
811
811
811
811
811
811
813
813
813
813
813
813
813
813
813
813
813
813
813
813
813
813
813
813
814
814
814
814
814
814
816
816
816
816
816
816
816
816
816
818
819
819
819
819
819
819
819
819
819
819
819
819
819
819
819
819
819
819
819
819
819
819
819
818
819
819
819
819
819
819
820
820
821
821
821
821
821
822
822
823
823
823
824
824
824
824
825
825
825
825
825
825
825
825
825
825
825
825
825
825
825
825
828
828
828
828
828
828
828
828
828
827
827
827
827
827
827
827
827
827
827
829
829
829
829
829
828
827
827
827
827
827
827
827
827
827
827
827
827
827
827
827
827
826
826
828
828
828
828
828
828
828
828
828
828
828
828
828
828
828
828
828
828
828
828
828
828
828
828
828
828
829
829
830
830
830
831
832
832
832
832
832
832
832
832
832
832
832
832
832
832
832
832
832
832
832
832
832
832
832
832
832
832
835
835
835
835
835
835
835
835
835
835
835
835
835
835
835
835
835
835
835
835
835
835
835
835
835
835
835
835
835
835
835
835
835
835
836
836
836
836
836
836
836
836
836
836
836
836
836
836
836
836
836
836
836
836
836
836
836
836
836
837
837
837
838
838
838
838
838
838
838
838
838
838
838
838
838
838
839
839
839
839
839
839
839
839
840
839
839
839
839
839
839
839
839
839
839
839
839
838
838
838
838
838
838
839
839
839
839
839
839
839
839
839
839
839
839
839
839
839
840
840
840
840
840
840
840
840
840
840
840
840
840
840
843
843
843
843
843
843
843
843
843
843
843
843
843
844
844
844
845
845
845
847
847
847
846
846
846
846
846
846
846
846
846
846
846
846
847
847
847
847
847
847
847
847
849
849
849
848
848
848
848
848
848
848
848
848
848
847
846
848
848
848
849
849
849
849
849
849
849
849
849
848
848
848
848
848
848
848
848
848
849
849
849
849
849
849
849
849
848
848
848
848
848
848
848
848
849
849
850
850
850
850
850
850
852
852
852
852
853
853
853
853
853
853
853
853
853
853
853
853
853
853
853
853
853
853
853
853
853
853
853
853
853
853
853
853
853
853
853
853
853
854
854
854
854
854
854
854
854
854
855
854
854
854
854
854
854
854
854
854
854
854
854
854
854
854
854
855
855
855
855
855
855
855
855
855
855
855
855
855
855
855
855
855
855
855
855
855
855
855
855
855
855
856
856
856
856
856
857
858
858
858
858
858
858
858
858
858
858
858
858
858
859
859
859
859
859
859
859
859
859
859
859
859
859
859
859
859
859
859
859
859
860
860
860
860
860
860
860
860
860
860
860
860
860
860
860
860
860
860
860
860
860
860
860
860
860
860
860
860
861
861
861
861
861
861
862
862
862
862
862
862
862
862
862
862
862
862
862
862
862
862
862
862
862
862
862
862
862
862
862
862
862
862
862
862
862
862
862
862
862
862
862
862
862
862
862
862
862
862
862
862
862
862
862
862
862
862
862
862
862
863
863
863
863
863
863
863
862
863
863
863
863
863
863
863
863
863
863
863
863
863
863
863
863
863
863
863
863
863
863
863
862
864
864
864
864
864
864
864
864
864
864
864
864
864
864
864
864
864
864
864
865
865
865
865
865
865
865
865
865
865
865
865
865
865
865
865
865
865
866
866
866
866
866
866
866
866
866
866
866
866
866
866
866
866
866
866
866
866
866
866
866
866
866
866
867
867
867
867
867
867
867
867
867
867
867
867
867
867
867
867
867
867
867
867
867
867
867
867
867
867
867
868
868
868
868
868
868
868
868
868
868
868
868
868
868
869
869
869
869
869
869
869
869
869
870
871
872
872
872
872
872
872
872
872
872
872
872
872
872
872
873
873
873
873
873
874
874
874
874
874
874
874
874
874
874
874
874
874
874
874
874
874
874
874
875
875
875
875
875
875
875
875
875
874
874
874
874
874
874
874
874
875
876
876
876
876
876
876
876
876
876
876
876
877
877
877
877
877
877
878
878
878
878
878
878
878
878
878
878
878
878
877
877
877
877
877
877
877
877
877
877
877
877
877
877
877
877
877
877
877
877
877
877
877
877
877
877
877
877
877
877
877
877
878
878
878
878
879
879
879
879
879
879
879
879
879
879
879
879
879
879
879
879
879
879
878
878
878
878
878
878
878
878
878
878
878
878
878
879
879
880
880
880
880
880
880
881
882
882
882
882
882
882
882
883
884
884
884
884
884
884
884
884
884
885
885
885
885
885
885
886
886
886
886
886
887
887
887
886
886
886
886
886
886
886
886
886
886
885
885
885
885
885
885
886
886
886
886
886
885
885
885
885
885
885
885
885
885
887
887
887
887
887
887
887
887
887
887
887
887
887
887
887
887
887
887
887
887
887
887
887
887
887
887
887
887
887
887
887
887
888
888
888
888
888
888
888
888
888
888
887
887
887
887
887
887
887
887
887
887
887
887
887
887
887
887
887
887
887
887
887
887
886
886
886
886
886
886
886
886
886
886
886
886
886
886
887
887
887
886
886
886
886
886
886
886
886
886
886
886
886
886
886
886
886
886
886
887
887
887
887
887
887
887
887
887
887
887
887
888
889
889
889
889
889
889
889
889
889
889
889
889
889
889
890
890
890
890
890
890
890
890
890
890
890
890
890
890
890
890
890
890
890
890
890
890
890
890
890
890
890
890
890
890
890
890
890
889
889
889
889
890
890
890
890
890
890
890
890
890
890
890
890
891
891
891
891
891
891
891
891
891
891
891
891
891
892
892
892
892
892
892
892
892
892
892
893
894
894
894
894
894
894
894
894
894
894
894
894
894
894
894
894
894
894
895
894
894
894
894
894
894
894
894
894
894
894
894
894
894
894
894
894
894
894
894
894
894
894
895
895
895
895
894
894
894
895
895
895
895
896
896
896
896
897
897
897
897
897
897
898
898
898
898
898
898
898
898
898
899
899
899
899
899
899
899
899
899
899
899
899
899
899
899
899
899
899
899
898
898
898
898
898
898
898
898
