148
148
148
148
148
148
149
149
149
149
149
149
150
150
150
150
150
151
152
152
153
153
153
153
155
155
156
155
155
155
156
156
157
157
157
157
159
163
163
166
166
166
166
166
166
166
166
166
166
166
170
170
170
170
170
172
172
172
172
172
173
173
173
173
173
173
175
175
176
176
176
176
176
176
176
176
176
176
176
175
175
175
175
175
175
175
179
178
178
178
179
179
180
180
180
180
180
180
180
180
181
181
181
181
185
185
193
193
193
193
194
195
196
196
196
196
198
200
200
200
200
200
200
200
200
200
200
200
200
200
200
200
200
200
202
201
201
201
201
201
201
201
202
202
202
203
203
203
203
203
203
202
202
202
202
202
202
202
202
202
202
202
203
203
203
203
204
204
204
204
204
205
205
205
205
205
205
205
205
205
205
207
207
209
209
209
209
209
209
209
209
209
209
209
210
210
210
210
210
210
212
212
212
213
214
215
217
217
217
217
217
225
225
225
225
225
227
227
228
228
228
229
227
227
227
227
227
227
227
231
232
233
233
233
232
232
233
233
233
233
233
233
233
233
241
241
241
241
241
240
240
242
242
242
242
242
240
242
241
241
240
240
240
240
240
240
240
240
240
240
241
241
241
240
240
240
240
241
241
241
241
241
241
242
242
242
242
242
242
244
244
245
246
246
245
245
245
245
244
244
244
244
244
244
244
244
244
244
246
248
252
252
252
252
252
252
252
252
252
252
252
252
252
253
253
253
253
253
254
254
254
254
254
254
254
255
257
257
257
257
258
258
258
260
260
260
260
260
260
261
261
261
261
263
263
263
263
263
263
263
263
263
263
263
263
263
265
265
265
265
265
265
265
265
266
265
265
265
265
265
265
265
265
265
265
265
265
265
266
266
266
266
266
266
266
266
266
266
266
266
266
266
266
267
274
276
276
276
276
276
276
276
276
276
276
276
276
276
277
277
277
277
277
277
277
278
278
278
280
280
280
282
282
282
283
283
284
283
283
283
286
286
286
287
287
287
287
287
287
286
286
286
286
288
288
288
288
288
287
289
289
289
290
293
293
295
295
295
295
296
296
296
298
302
302
302
302
302
302
301
301
300
300
300
300
303
303
303
303
303
302
303
303
303
303
303
303
303
303
303
302
302
301
301
302
302
303
304
305
305
305
306
306
309
308
308
308
310
311
312
312
315
315
316
316
318
318
318
319
319
318
318
318
319
319
319
319
320
320
320
320
320
320
320
320
320
320
320
320
320
324
324
324
324
324
324
324
324
324
324
324
324
325
327
327
327
327
327
327
327
327
327
327
328
329
332
332
332
334
334
335
335
335
336
336
338
339
339
340
340
340
340
340
340
340
340
340
340
340
339
339
339
339
339
339
343
344
344
344
346
346
346
347
347
347
347
347
347
348
348
348
348
348
346
346
346
345
347
347
347
349
349
349
349
349
350
350
350
351
355
355
355
355
355
356
356
355
355
355
355
355
355
355
355
354
355
355
355
355
355
355
355
355
355
355
355
357
357
358
358
359
360
360
360
360
360
360
360
360
362
362
362
362
362
362
362
362
361
363
364
364
364
364
365
366
367
367
367
367
367
368
368
368
368
367
367
367
368
368
368
368
368
368
368
368
371
371
370
371
371
371
371
373
372
372
372
372
372
372
371
371
370
369
369
369
369
371
371
371
371
371
371
371
371
371
371
371
371
371
371
371
371
372
372
371
371
370
370
370
370
370
370
370
370
370
370
370
372
372
372
372
372
372
371
373
379
379
382
383
383
385
385
385
392
392
392
392
392
392
392
392
393
393
393
393
393
393
393
392
392
392
392
394
394
394
394
394
394
394
394
394
394
394
394
394
394
395
395
395
395
395
395
395
395
395
397
397
398
398
398
397
397
397
397
397
397
398
398
399
399
398
398
398
397
396
401
