4
4
4
4
6
5
5
5
5
5
7
7
9
9
9
9
9
9
9
9
11
11
13
13
13
15
15
15
15
15
15
15
15
15
15
15
15
15
15
15
17
17
17
17
17
17
19
19
19
19
19
19
19
19
19
19
23
23
23
23
25
25
25
27
29
33
33
33
33
35
37
37
37
37
37
45
45
47
47
47
49
49
49
49
49
49
49
49
49
51
50
50
50
52
52
52
52
56
60
60
62
62
62
62
62
62
62
62
64
64
64
64
64
64
64
64
64
64
64
64
64
64
64
64
64
64
66
66
66
66
66
66
68
74
74
74
78
78
78
80
80
82
82
82
84
84
86
86
88
90
92
92
92
92
92
92
94
98
100
100
102
102
102
102
102
102
102
105
105
105
105
105
105
107
109
109
111
111
113
113
113
113
113
115
115
117
121
121
123
123
123
123
129
129
131
133
133
133
134
134
134
134
134
134
134
134
134
134
134
134
133
133
137
137
137
137
137
137
137
139
139
139
139
139
143
143
143
143
143
147
146
145
144
144
144
144
144
144
144
144
144
144
146
150
152
152
152
154
156
156
158
162
164
164
166
168
174
174
176
176
176
176
176
176
176
176
176
176
176
176
176
176
176
176
176
176
176
176
180
180
180
180
179
179
179
179
180
180
180
180
180
180
181
181
184
184
184
185
186
187
187
187
187
187
187
190
190
190
191
191
191
191
191
191
191
191
191
191
191
191
191
191
191
191
192
192
192
192
192
192
192
192
192
192
193
193
194
194
194
195
195
194
194
195
195
197
197
197
197
198
199
199
199
199
200
200
200
201
201
201
201
202
202
202
203
204
204
205
205
206
206
206
206
206
207
207
208
210
210
211
213
213
213
213
213
214
214
214
214
214
214
216
216
217
217
217
217
217
217
217
217
217
218
218
218
218
218
220
220
220
220
221
221
221
221
221
221
221
221
222
223
224
224
224
224
224
225
225
225
225
225
225
225
225
225
225
225
225
225
226
226
226
226
227
229
229
229
229
229
231
231
231
231
232
235
237
237
237
237
238
238
239
239
239
239
239
240
240
240
242
242
242
242
242
242
242
243
243
244
244
244
245
245
245
245
245
245
245
245
245
248
248
249
251
251
251
251
251
253
253
254
254
253
253
255
256
256
256
257
258
258
258
258
257
257
258
258
259
259
259
259
259
259
261
261
261
261
261
262
263
264
264
264
264
265
265
265
266
267
269
269
270
272
272
272
272
272
273
276
276
276
276
277
277
277
277
277
277
277
278
278
279
279
279
278
277
277
277
277
277
277
277
277
278
278
278
279
281
281
282
283
284
284
284
284
285
286
288
288
288
288
289
289
290
290
290
290
290
290
290
290
290
290
290
290
290
290
291
291
291
292
293
293
293
295
295
295
295
295
295
295
295
295
296
296
296
297
297
297
298
300
300
302
302
303
303
303
303
303
303
303
303
304
304
304
304
303
303
304
304
305
305
305
305
306
309
309
309
309
309
309
311
311
311
312
313
313
313
314
315
315
315
315
315
315
315
315
315
315
315
315
315
315
315
317
317
317
317
318
318
318
318
318
318
319
318
319
319
320
320
320
320
320
320
320
320
320
322
322
322
323
323
322
322
322
322
322
322
322
323
323
323
323
325
326
326
326
326
326
326
326
326
327
327
327
327
328
328
328
328
327
327
328
328
328
328
328
329
329
331
332
332
332
332
332
332
332
332
332
332
332
333
333
333
333
333
333
334
334
334
334
334
334
334
334
335
335
339
339
339
339
339
339
340
340
340
340
341
341
341
341
342
344
345
346
346
346
346
346
346
348
348
348
348
348
348
348
349
350
350
352
352
352
352
352
353
353
358
358
358
358
358
358
359
359
360
361
361
361
361
361
361
361
362
362
365
365
365
366
366
366
366
367
367
368
368
367
367
367
367
367
367
367
368
368
370
371
371
371
371
371
372
373
374
373
373
373
373
373
373
373
374
374
374
376
376
376
377
378
378
379
379
380
380
381
381
381
381
380
380
380
381
381
381
381
381
381
381
381
381
381
381
381
381
382
385
385
387
387
387
389
390
391
392
392
392
392
393
393
395
395
395
395
396
396
396
398
399
399
398
398
398
398
398
399
399
399
400
401
401
401
401
401
401
402
402
403
403
402
402
402
402
403
403
403
406
409
409
409
409
409
409
411
412
412
412
412
412
412
412
413
415
417
418
418
419
419
420
420
420
421
421
422
422
423
424
425
425
425
425
425
426
426
426
426
426
426
426
427
427
427
429
429
429
430
430
430
430
430
430
431
431
431
431
432
432
431
431
433
435
435
435
435
435
438
439
439
439
439
441
441
441
441
442
442
442
444
444
444
445
445
445
445
446
446
446
446
446
446
446
447
448
448
448
449
449
450
450
450
450
450
450
450
452
452
452
452
452
452
452
452
452
452
452
452
453
453
453
453
453
453
454
454
454
455
456
456
456
456
457
457
457
457
458
459
459
459
459
459
460
460
461
461
461
462
462
462
460
460
460
460
460
460
460
460
460
461
461
462
464
464
464
464
464
464
464
465
465
465
465
465
466
466
466
466
467
468
469
472
472
473
474
474
474
474
474
474
475
475
475
475
476
476
478
478
478
478
478
478
479
481
484
484
484
484
488
490
490
490
490
493
493
494
496
496
496
496
496
496
496
496
496
498
498
499
499
500
500
500
501
501
502
505
506
506
506
506
506
506
506
506
506
505
505
505
505
505
505
505
505
505
505
505
505
505
505
505
506
506
506
506
506
507
509
509
511
511
511
511
511
511
511
511
511
511
511
511
511
511
512
513
513
514
514
514
514
514
514
514
514
514
514
514
514
514
515
515
515
515
516
516
516
516
516
516
516
517
517
517
517
518
518
518
518
518
518
518
518
520
521
521
520
520
520
520
521
521
523
523
523
523
523
523
523
524
524
524
525
526
526
527
528
528
528
528
528
528
528
528
528
528
528
528
528
529
529
530
530
530
532
532
532
532
532
532
532
532
532
532
532
533
533
533
533
533
533
533
533
534
534
534
534
534
534
536
537
537
537
538
538
536
536
538
538
538
538
537
537
538
538
538
539
539
540
542
542
542
544
544
544
545
545
548
548
548
551
551
551
551
551
551
551
551
551
551
551
551
551
551
552
552
552
552
552
554
554
554
555
555
555
556
556
556
557
557
557
557
557
557
557
557
557
557
560
560
560
560
560
561
561
561
561
561
561
561
563
563
563
563
563
563
563
564
564
564
564
564
564
564
564
564
564
564
564
564
564
564
564
564
563
563
563
563
563
563
563
563
563
563
563
563
563
563
563
563
563
563
563
563
563
563
563
563
563
563
563
564
564
564
564
565
565
565
565
565
565
566
566
566
566
566
566
566
566
566
566
566
566
566
566
566
566
566
566
566
567
567
567
567
567
567
567
567
567
567
566
566
566
566
566
566
566
566
566
566
566
566
566
567
567
567
567
567
567
567
567
567
567
567
567
567
567
567
567
567
567
567
567
567
567
567
567
567
567
567
567
567
567
567
567
567
567
567
567
567
567
567
567
567
567
567
567
567
567
567
568
568
568
568
568
568
568
568
568
568
568
568
568
568
568
570
570
570
570
570
570
570
570
572
572
572
572
572
572
572
572
572
572
573
573
573
573
573
573
573
573
573
573
576
576
576
576
576
577
577
577
577
577
577
577
577
577
577
577
577
577
577
577
577
577
577
577
577
577
577
577
577
577
577
578
578
578
578
578
578
578
578
578
578
578
578
578
578
578
578
578
578
578
579
579
579
579
579
579
578
578
578
578
578
578
578
578
578
578
579
579
579
579
579
579
579
579
579
579
579
579
579
580
580
580
580
580
580
580
580
580
580
580
580
580
580
580
580
580
580
580
580
583
583
583
583
583
583
583
583
583
583
582
582
582
582
582
582
583
583
583
583
584
584
584
584
584
584
584
584
584
583
584
584
585
585
585
585
585
586
586
586
586
586
586
586
586
586
586
587
587
587
587
587
588
588
588
589
589
589
589
589
590
590
590
590
590
590
591
590
590
590
590
590
590
592
591
591
591
592
592
592
592
592
592
592
592
592
592
593
593
593
593
593
593
593
593
593
593
593
593
593
593
593
593
593
593
593
593
593
593
593
593
593
593
593
594
595
595
597
597
597
597
597
598
598
598
598
598
598
598
598
598
598
598
597
597
597
597
597
598
598
598
598
598
598
598
598
598
598
598
598
598
599
599
599
599
599
599
599
599
599
599
599
599
599
599
599
599
599
600
600
600
599
599
599
599
599
599
599
599
599
599
599
599
599
599
599
599
599
599
599
599
600
600
600
600
600
600
600
600
600
600
600
600
600
600
603
603
603
603
603
603
603
603
603
603
603
604
604
604
604
604
604
604
606
606
606
606
606
606
606
607
607
607
607
607
607
607
607
607
607
607
607
607
607
607
607
607
607
607
607
607
607
607
607
608
607
608
608
608
607
607
607
607
608
608
608
608
608
608
608
608
608
608
608
609
609
609
609
609
609
609
609
609
609
609
609
609
609
609
609
610
610
610
610
610
610
610
610
610
610
610
610
610
610
610
610
610
610
610
610
610
610
612
612
612
612
613
613
613
613
613
613
613
613
614
614
614
614
614
614
614
614
614
613
613
613
613
613
613
613
613
613
613
615
615
615
615
615
617
618
618
618
618
618
618
619
619
619
620
620
620
620
620
620
620
619
621
621
622
622
622
622
622
622
622
622
622
622
622
622
621
621
621
621
621
621
621
621
621
621
621
621
621
622
622
622
622
622
622
622
622
622
622
622
622
622
622
622
622
622
622
622
622
622
622
622
622
622
622
622
622
622
622
622
621
622
622
622
622
622
623
622
622
622
622
622
622
623
623
623
624
624
624
624
624
624
624
624
623
623
623
623
624
624
624
624
624
625
625
625
625
625
625
625
625
625
625
625
625
625
625
625
625
625
625
625
626
626
626
626
625
625
626
626
626
626
626
626
626
626
626
626
626
626
626
626
626
626
626
626
626
626
626
626
626
626
625
625
625
625
625
625
625
625
625
625
625
625
625
625
626
626
626
626
626
626
626
626
626
626
626
626
626
627
627
627
627
627
627
627
627
627
627
627
627
627
628
628
628
628
628
628
628
628
628
628
628
628
629
629
629
629
629
629
628
628
628
629
629
630
630
630
630
630
630
630
631
631
631
631
631
631
631
631
631
631
632
632
632
632
632
632
632
632
632
632
632
632
632
632
632
632
632
632
632
632
632
632
632
632
632
632
632
632
632
633
633
633
633
633
633
633
633
633
633
633
633
634
634
634
634
634
634
634
634
634
634
634
635
635
636
636
636
636
636
636
636
636
636
636
636
636
636
636
636
636
636
636
636
636
636
636
636
636
636
636
637
637
637
637
637
637
637
637
638
637
637
637
637
637
637
637
637
637
637
637
637
637
637
637
638
639
639
639
639
639
639
639
640
640
640
640
641
641
641
641
641
641
641
641
641
641
641
641
641
641
641
641
641
641
641
642
642
642
642
642
642
642
642
642
643
643
643
643
643
643
643
643
643
643
643
643
643
643
643
643
643
643
643
643
643
642
642
642
642
642
643
643
643
643
643
643
643
643
643
643
643
643
643
643
644
644
644
644
644
644
644
644
644
644
644
644
644
644
644
644
644
644
644
644
644
644
644
644
644
644
644
644
644
644
644
644
644
644
644
644
644
645
645
645
645
646
646
646
646
646
646
646
646
646
646
646
646
646
647
647
647
647
647
647
647
647
647
648
648
648
648
648
648
648
648
649
649
649
649
649
649
649
649
649
649
649
649
649
649
649
650
650
650
650
650
650
650
650
650
650
650
650
650
650
650
650
650
650
650
650
651
651
651
651
651
651
651
651
651
651
651
652
653
653
653
653
652
652
652
651
651
652
652
652
652
653
653
653
653
653
653
653
653
653
653
653
653
653
653
653
653
653
653
653
653
653
653
653
653
653
653
653
653
653
653
654
654
654
654
654
654
654
654
654
654
654
654
654
654
654
654
654
655
655
655
655
655
655
655
655
655
655
655
655
655
655
655
655
655
655
655
655
655
655
655
655
655
655
655
655
655
655
655
655
655
655
655
655
655
655
655
655
655
655
655
655
655
656
656
656
656
656
656
656
656
656
656
655
655
655
655
655
655
655
655
655
655
655
655
655
655
654
654
654
654
655
655
655
655
655
656
656
656
656
656
656
656
656
656
656
656
656
656
656
656
656
656
656
656
656
656
656
657
657
657
657
657
656
656
656
656
656
657
658
658
658
658
658
658
658
658
658
659
659
660
660
660
661
661
661
660
660
660
660
660
660
660
661
661
661
661
661
661
661
661
661
661
660
660
660
660
660
660
660
660
661
