0
0
0
0
2
2
4
8
12
14
16
18
20
20
20
24
26
27
27
27
27
27
27
27
27
27
27
27
27
27
27
29
29
31
31
31
35
37
39
39
41
41
41
41
41
41
41
43
43
43
43
43
43
43
43
45
45
45
45
45
47
47
47
47
49
49
49
49
48
50
50
50
50
50
50
50
50
50
52
52
52
54
54
54
54
54
54
56
56
56
58
58
58
62
62
62
66
68
68
68
76
78
78
78
78
78
79
79
79
81
85
85
85
85
85
85
89
89
89
89
95
97
97
99
99
99
99
99
99
99
99
101
101
101
101
103
103
103
103
103
103
103
103
103
105
105
105
105
105
105
105
105
105
105
105
105
105
105
105
105
107
107
107
107
107
107
107
107
107
111
111
119
121
121
121
121
123
123
123
123
125
125
124
124
124
124
124
126
128
128
128
132
136
136
136
136
136
138
138
138
138
138
138
140
142
142
142
142
142
142
142
144
144
144
144
144
144
144
144
146
146
146
146
148
150
150
150
150
150
152
152
154
156
156
156
158
162
164
164
164
164
164
164
164
164
166
166
166
170
170
170
170
172
172
172
172
172
174
174
174
178
178
180
180
180
180
180
180
184
184
184
186
186
186
186
186
186
186
190
190
190
194
193
193
193
193
195
195
195
195
195
195
195
195
195
195
195
195
197
199
199
199
199
199
198
198
198
202
202
202
202
202
202
202
202
204
204
204
206
207
211
215
215
215
215
215
215
215
219
219
219
219
219
219
219
219
219
221
221
221
221
221
221
221
221
221
223
223
225
231
231
233
233
235
235
235
235
235
235
239
239
239
239
239
239
239
239
239
241
241
241
241
243
243
243
243
243
243
247
249
249
249
249
249
249
249
249
249
249
251
251
251
251
251
251
251
251
251
251
251
251
251
250
250
252
252
252
254
254
254
254
254
254
254
254
254
256
256
256
256
256
256
256
256
256
256
256
264
264
268
268
268
268
268
268
268
272
272
272
272
272
274
274
274
274
274
276
276
276
276
276
276
278
278
278
278
280
280
281
285
285
285
287
287
291
291
293
293
293
295
295
295
297
297
297
297
297
297
299
299
301
301
307
307
307
307
307
309
309
309
311
311
311
313
317
317
317
317
317
317
319
319
321
322
322
324
326
326
328
328
330
330
330
330
331
331
331
331
335
335
335
335
335
333
333
333
333
333
335
335
337
339
339
338
338
338
338
340
340
344
350
350
358
360
362
362
362
362
362
362
362
362
362
364
364
364
363
365
365
367
366
366
370
374
374
374
374
374
376
376
378
380
379
379
379
381
385
387
387
387
389
391
393
393
393
393
393
393
393
395
395
399
399
399
399
399
399
399
399
401
401
403
403
407
407
407
409
409
409
409
409
409
411
411
411
411
413
413
413
413
417
419
421
423
423
423
423
423
423
425
425
427
427
426
428
432
432
432
432
432
432
434
434
434
438
442
442
442
442
446
446
446
446
446
446
446
448
448
448
450
452
452
452
452
454
454
454
458
458
458
458
460
460
460
462
462
462
462
462
462
462
464
464
464
466
468
468
469
469
469
471
471
475
475
475
475
475
475
475
479
483
485
485
489
489
493
495
495
495
495
495
497
497
497
497
497
499
499
499
499
501
501
501
501
503
503
503
503
503
503
503
503
503
503
503
503
503
503
503
507
507
507
507
507
507
509
515
515
517
517
517
525
524
524
524
524
524
524
524
524
524
526
534
536
536
542
542
542
542
542
542
542
542
542
544
548
547
547
549
549
549
555
555
555
555
557
557
557
557
557
557
557
557
557
557
559
559
563
565
567
567
567
567
567
567
567
567
569
573
575
575
575
575
575
577
577
577
577
576
576
578
578
578
578
584
584
584
586
586
588
588
590
590
590
589
589
591
593
595
595
595
595
595
595
599
601
605
605
605
605
611
611
615
615
615
615
615
615
615
615
615
616
618
618
618
620
620
620
622
622
622
624
624
624
624
624
625
625
625
625
627
627
631
633
633
635
635
635
639
639
639
639
641
641
641
641
641
643
643
643
643
643
643
643
645
645
645
645
645
645
647
647
647
646
646
646
646
646
646
646
646
646
646
648
652
652
652
652
652
654
654
658
662
662
662
662
662
662
662
662
666
666
668
668
668
668
668
668
668
668
668
668
674
674
674
674
674
674
676
678
680
680
682
684
686
688
688
688
700
700
700
702
702
702
702
702
702
702
702
702
704
704
704
708
708
708
708
708
708
708
708
708
708
710
710
712
716
716
716
718
720
720
720
720
720
720
720
720
720
720
720
720
724
724
724
724
726
726
726
726
726
728
728
730
730
730
732
732
732
732
734
738
738
742
742
742
746
750
750
750
752
752
756
756
758
760
760
762
764
764
764
766
770
770
770
770
772
772
772
772
774
774
773
773
773
773
773
773
773
773
773
773
775
775
777
777
777
777
777
777
777
777
781
780
780
780
780
780
783
783
785
785
785
785
787
789
789
789
789
789
791
791
793
793
793
793
793
795
795
795
795
795
795
797
797
797
797
797
797
801
807
807
807
807
807
807
809
809
809
809
809
811
811
811
811
813
813
813
813
813
815
817
819
819
819
819
819
819
819
819
823
823
823
825
825
825
827
827
827
831
833
833
837
839
841
841
843
843
843
843
843
843
843
843
847
847
847
847
847
847
847
847
847
847
849
849
851
851
851
853
855
855
857
857
859
859
859
859
859
861
861
861
861
861
863
863
863
865
867
869
869
869
869
869
873
873
873
873
873
873
872
872
872
872
872
872
872
872
877
877
877
877
885
887
887
889
889
889
889
889
893
893
893
893
893
899
899
899
899
899
899
903
903
903
903
905
905
905
907
907
907
907
907
907
909
911
913
913
913
913
912
912
912
912
912
916
916
916
916
917
917
917
917
915
915
915
915
917
917
917
917
917
917
919
921
923
923
923
923
923
925
925
925
925
927
925
925
927
927
927
927
927
927
933
933
933
933
933
933
935
935
937
937
937
937
937
939
943
947
949
949
951
951
951
950
956
956
958
970
970
970
972
974
974
974
976
976
976
976
976
976
976
980
982
982
982
986
986
986
986
986
986
992
992
992
994
994
995
995
995
995
997
997
997
997
997
999
1005
1005
1005
1005
1005
1005
1005
1007
1007
1007
1007
1007
1007
1007
1008
1010
1010
1010
1012
1012
1014
1014
1016
1016
1016
1018
1018
1018
1018
1017
1017
1017
1017
1017
1017
1017
1023
1023
1023
1023
1023
1023
1023
1023
1023
1023
1027
1027
1027
1029
1029
1029
1029
1029
1029
1031
1031
1031
1031
1031
1031
1031
1035
1037
1037
1037
1037
1037
1037
1037
1037
1037
1037
1039
1039
1039
1039
1039
1039
1039
1039
1043
1045
1045
1051
1051
1051
1053
1055
1055
1055
1057
1057
1061
1061
1061
1061
1063
1063
1063
1063
1069
1069
1073
1073
1075
1075
1075
1075
1079
1081
1081
1083
1085
1084
1084
1086
1086
1090
1090
1092
1092
1092
1092
1092
1092
1092
1092
1091
1093
1097
1097
1097
1097
1097
1097
1097
1101
1103
1103
1103
1103
1105
1107
1107
1107
1107
1111
1111
1111
1111
1111
1113
1117
1119
1119
1119
1118
1118
1118
1118
1118
1120
1120
1120
1120
1120
1120
1122
1124
1124
1124
1126
1126
1126
1126
1128
1128
1128
1128
1128
1128
1130
1130
1130
1130
1130
1132
1134
1134
1134
1136
1136
1136
1138
1138
1138
1140
1142
1142
1146
1146
1151
1151
1151
1153
1155
1155
1155
1155
1155
1155
1155
1155
1155
1155
1155
1155
1155
1157
1157
1159
1159
1159
1159
1159
1159
1159
1159
1159
1159
1159
1159
1161
1161
1163
1163
1167
1169
1169
1169
1169
1170
1170
1172
1172
1172
1172
1172
1174
1176
1176
1176
1176
1176
1176
1176
1176
1176
1176
1176
1176
1176
1176
1176
1176
1178
1182
1181
1183
1183
1187
1189
1189
1193
1195
1195
1195
1195
1195
1195
1195
1195
1197
1197
1197
1201
1201
1201
1201
1201
1201
1201
1201
1200
1200
1202
1202
1202
1202
1202
1202
1202
1202
1202
1202
1202
1204
1204
1204
1208
1212
1214
1216
1216
1216
1216
1216
1216
1216
1215
1217
1225
1225
1225
1227
1227
1227
1227
1231
1231
1231
1233
1237
1237
1237
1237
1237
1237
1237
1237
1237
1237
1237
1237
1237
1237
1237
1239
1239
1239
1245
1245
1245
1247
1247
1249
1249
1253
1255
1255
1255
1255
1255
1255
1255
1255
1255
1257
1257
1257
1257
1257
1257
1257
1257
1259
1259
1261
1263
1263
1263
1267
1267
1267
1269
1269
1269
1269
1269
1271
1271
1273
1273
1273
1275
1275
1275
1275
1274
1274
1274
1274
1278
1278
1280
1282
1282
1284
1284
1284
1286
1288
1288
1288
1288
1290
1290
1290
1290
1290
1290
1296
1296
1296
1296
1296
1296
1296
1298
1298
1298
1298
1298
1298
1298
1298
1298
1300
1300
1302
1306
1306
1306
1306
1305
1305
1307
1307
1306
1308
1308
1312
1316
1316
1316
1316
1322
1322
1322
1324
1326
1326
1326
1326
1326
1326
1328
1328
1328
1328
1328
1328
1328
1328
1328
1328
1328
1330
1330
1334
1334
1334
1334
1334
1334
1338
1338
1338
1338
1338
1338
1340
1340
1340
1340
1340
1340
1340
1342
1344
1346
1346
1346
1346
1346
1346
1346
1348
1352
1354
1354
1356
1358
1358
1358
1360
1360
1360
1360
1366
1366
1366
1366
1366
1366
1366
1366
1368
1368
1370
1370
1370
1370
1372
1372
1372
1374
1374
1374
1374
1373
1373
1373
1373
1373
1373
1373
1375
1375
1375
1375
1375
1375
1375
1377
1377
1377
1377
1379
1379
1379
1381
1381
1381
1383
1383
1385
1385
1385
1385
1385
1385
1387
1387
1387
1386
1386
1386
1386
1390
1390
1390
1390
1394
1394
1394
1396
1398
1398
1398
1398
1400
1400
1400
1400
1402
1402
1402
1402
1402
1402
1402
1402
1406
1406
1408
1410
1410
1410
1410
1411
1411
1411
1411
1411
1411
1411
1413
1415
1415
1415
1415
1415
1425
1427
1429
1429
1428
1428
1428
1428
1430
1432
1432
1432
1432
1432
1432
1432
1432
1432
1432
1432
1432
1434
1434
1434
1434
1434
1434
1434
1436
1436
1438
1438
1438
1442
1446
1446
1446
1448
1452
1452
1452
1452
1454
1454
1454
1454
1454
1454
1456
1456
1456
1456
1456
1456
1468
1468
1468
1468
1468
1470
1472
1474
1474
1476
1476
1482
1482
1482
1484
1484
1486
1488
1490
1490
1490
1490
1490
1494
1496
1495
1497
1497
1499
1499
1499
1501
1501
1503
1503
1503
1503
1505
1505
1505
1505
1505
1505
1505
1505
1505
1507
1507
1507
1506
1506
1506
1506
1506
1506
1506
1506
1506
1512
1514
1514
1514
1526
1530
1532
1532
1532
1532
1532
1532
1532
1532
1540
1540
1542
1544
1546
1546
1546
1546
1546
1546
1546
1548
1548
1550
1552
1552
1554
1554
1554
1554
1554
1554
1554
1554
1558
1560
1560
1562
1562
1562
1562
1562
1562
1562
1561
1563
1563
1565
1565
1565
1569
1569
1571
1571
1571
1571
1571
1571
1571
1571
1571
1571
1573
1573
1577
1577
1577
1579
1581
1581
1581
1581
1583
1583
1583
1589
1593
1597
1597
1601
1603
1603
1603
1603
1603
1607
1607
1607
1607
1609
1611
1611
1611
1611
1611
1611
1613
1615
1617
1619
1619
1621
1621
1621
1623
1623
1623
1625
1625
1629
1629
1629
1629
1629
1629
1633
1635
1635
1635
1635
1637
1637
1637
1637
1637
1637
1637
1637
1639
1639
1639
1641
1643
1643
1643
1643
1645
1645
1645
1645
1649
1651
1653
1653
1655
1657
1659
1661
1661
1661
1661
1663
1665
1665
1665
1669
1671
1673
1673
1673
1675
1675
1675
1675
1675
1677
1677
1677
1679
1679
1681
1681
1681
1681
1683
1683
1683
1685
1685
1685
1685
1685
1685
1685
1685
1685
1693
1695
1697
1703
1703
1703
1703
1705
1707
1707
1707
1707
1709
1709
1709
1709
1709
1711
1711
1713
1717
1719
1719
1719
1719
1723
1725
1725
1725
1727
1727
1727
1727
1727
1727
1729
1729
1731
1731
1731
1731
1731
1731
1733
1733
1733
1737
1739
1739
1739
1739
1741
1741
1741
1741
1741
1743
1743
1743
1743
1743
1743
1745
1745
1745
1745
1745
1745
1747
1749
1749
1749
1749
1751
1753
1753
1753
1753
1755
1755
1755
1761
1761
1761
1761
1761
1761
1761
1761
1761
1760
1760
1760
1760
1759
1759
1759
1759
1759
1759
1759
1759
1759
1759
1759
1759
1759
1759
1759
1759
1759
1759
1759
1759
1759
1759
1759
1759
1759
1759
1759
1759
1759
1759
1759
1759
1759
1759
1759
1759
1759
1759
1759
1759
1759
1759
1759
1759
1759
1759
1759
1759
1759
1759
1759
1759
1759
1759
1759
1759
1759
1759
1759
1759
1759
1759
1759
1759
1759
1759
1759
1759
1759
1759
1759
1759
1759
1759
1759
1759
1759
1759
1759
1759
1759
1759
1759
1759
1759
1759
1759
1759
1759
1759
1759
1759
1759
1759
1759
1759
1759
1759
1759
1759
1759
1759
1759
1759
1759
1759
1759
1759
1759
1759
1759
1759
1759
1759
1759
1759
1759
1759
1759
1759
1759
1759
1759
1759
1759
1759
1759
1759
1759
1759
1759
1759
1759
1759
1759
1759
1759
1759
1759
1759
1759
1759
1758
1758
1758
1758
1758
1758
1758
1762
1762
1762
1762
1762
1762
1762
1762
1762
1762
1762
1762
1762
1761
1761
1761
1761
1761
1761
1761
1761
1761
1761
1761
1761
1761
1761
1761
1761
1761
1760
1760
1760
1760
1760
1760
1760
1760
1760
1760
1760
1759
1759
1759
1759
1759
1758
1760
1760
1760
1760
1760
1760
1760
1760
1760
1760
1760
1760
1760
1760
1760
1760
1759
1759
1759
1759
1759
1759
1759
1759
1759
1759
1759
1759
1759
1759
1759
1759
1759
1759
1759
1759
1759
1759
1759
1759
1759
1759
1759
1759
1759
1759
1759
1759
1759
1759
1759
1759
1759
1759
1759
1759
1759
1759
1759
1759
1759
1759
1759
1759
1759
1759
1759
1759
1759
1759
1759
1759
1759
1759
1759
1759
1759
1759
1759
1759
1759
1759
1759
1759
1759
1759
1759
1759
1759
1759
1759
1759
1759
1759
1759
1759
1759
1759
1759
1759
1759
1759
1759
1759
1759
1759
1759
1759
1759
1759
1759
1759
1759
1759
1759
1759
1759
1758
1758
1758
1760
1760
1760
1760
1760
1760
1760
1760
1760
1760
1760
1760
1760
1760
1760
1760
1760
1760
1760
1760
1760
1759
1759
1759
1759
1759
1759
1759
1759
1759
1759
1759
1759
1759
1759
1759
1759
1759
1759
1759
1759
1759
1759
1759
1759
1759
1759
1759
1759
1759
1759
1759
1759
1759
1759
1759
1759
1758
1758
1758
1758
1758
1758
1758
1760
1760
1760
1760
1760
1760
1760
1760
1760
1760
1760
1760
1760
1760
1760
1760
1760
1760
1760
1760
1760
1760
1760
1760
1760
1760
1760
1760
1760
1760
1760
1760
1760
1760
1760
1760
1760
1760
1760
1760
1760
1760
1760
1760
1760
1760
1760
1760
1760
1760
1760
1760
1760
1760
1760
1760
1760
1760
1760
1760
1760
1760
1760
1760
1760
1759
1759
1759
1758
1758
1758
1758
1760
1760
1760
1760
1760
1760
1760
1760
1760
1760
1759
1759
1759
1759
1759
1759
1759
1759
1759
1759
1759
1759
1759
1759
1759
1759
1759
1759
1759
1759
1759
1759
1759
1759
1759
1759
1759
1759
1759
1759
1759
1759
1759
1759
1758
1758
1758
1758
1758
1760
1760
1760
1760
1760
1760
1760
1760
1760
1760
1760
1760
1760
1759
1759
1759
1759
1759
1759
1759
1759
1759
1759
1759
1759
1759
1759
1759
1759
1759
1759
1759
1759
1759
1759
1759
1759
1759
1759
1759
1759
1759
1759
1759
1759
1759
1759
1759
1759
1759
1759
1759
1759
1759
1759
1759
1759
1759
1758
1760
1760
1760
1760
1760
1759
1759
1759
1759
1759
1759
1759
1759
1759
1759
1759
1759
1759
1759
1759
1759
1759
1759
1759
1759
1759
1759
1759
1759
1759
1759
1759
1759
1759
1759
1759
1759
1759
1759
1759
1759
1759
1759
1759
1759
1759
1759
1759
1759
1759
1759
1759
1759
1759
1759
1759
1759
1759
1759
1759
1759
1759
1759
1759
1759
1759
1759
1759
1759
1759
1759
1759
1759
1759
1759
1759
1759
1759
1759
1759
1759
1759
1759
1759
1759
1759
1759
1759
1759
1759
1759
1759
1759
1759
1759
1759
1759
1759
1759
1759
1759
1759
1759
1759
1759
1759
1759
1759
1759
1759
1759
1759
1759
1759
1759
1759
1759
1759
1759
1759
1759
1759
1759
1759
1759
1759
1759
1759
1759
1759
1759
1759
1759
1759
1759
1759
1759
1759
1759
1759
1759
1759
1759
1759
1759
1759
1759
1759
1759
1759
1759
1759
1759
1758
1760
1760
1760
1760
1760
1759
1759
1759
1759
1759
1759
1759
1759
1759
1759
1759
1759
1759
1759
1759
1759
1759
1759
1759
1759
1759
1759
1759
1759
1759
1759
1759
1759
1759
1759
1759
1759
1758
1758
1758
1758
1762
1762
1762
1762
1762
1762
1762
1762
1762
1761
1761
1761
1761
1761
1761
1761
1761
1761
1761
1761
1761
1761
1761
1761
1761
1760
1760
1760
1760
1760
1760
1760
1760
1760
1760
1760
1760
1760
1760
1760
1760
1760
1760
1760
1760
1760
1760
1760
1760
1760
1760
1760
1760
1760
1760
1760
1760
1760
1760
1759
1759
1759
1759
1759
1759
1759
1759
1759
1759
1759
1759
1759
1759
1759
1759
1759
1759
1759
1759
1759
1759
1759
1759
1759
1759
1759
1759
1759
1759
1759
1759
1759
1759
1759
1759
1759
1759
1759
1759
1759
1759
1759
1759
1758
1760
1760
1760
1760
1760
1760
1760
1760
1760
1760
1760
1759
1759
1759
1759
1759
1759
1759
1759
1759
1759
1759
1759
1759
1759
1759
1759
1759
1758
1758
1762
1762
1762
1762
1762
1762
1762
1762
1762
1762
1761
1761
1761
1761
1761
1761
1761
1761
1761
1761
1761
1761
1759
1759
1759
1759
1759
1759
1759
1759
1759
1759
1759
1759
1759
1759
1759
1759
1759
1759
1759
1759
1759
1759
1759
1759
1759
1759
1759
1759
1759
1759
1759
1759
1759
1759
1759
1759
1759
1759
1759
1759
1759
1759
1757
1757
1757
1767
1767
1767
1767
1767
1767
1767
1767
1767
1767
1767
1767
1767
1767
1767
1767
1767
1767
1767
1767
1767
1767
1767
1767
1767
1767
1767
1767
1767
1767
1767
1767
1767
1767
1767
1767
1767
1767
1767
1767
1767
1767
1767
1767
1767
1766
1766
1766
1765
1765
1765
1765
1765
1765
1765
1765
1765
1765
1765
1765
1765
1765
1764
1764
1764
1764
1764
1764
1764
1764
1764
1764
1764
1764
1764
1763
1763
1763
1763
1763
1763
1763
1763
1763
1763
1763
1763
1763
1763
1763
